start = psxtool offset
boff = relative block offset
foff = absolute file offset
size = size of node
data = node size - aabb
index = node index

start	boff	foff	size	data	index
0	0	64	36	24	1
18	36	100	28	16	2
32	64	128	28	16	3
46	92	156	36	24	4
64	128	192	28	16	5
78	156	220	28	16	6
92	184	248	36	24	7
110	220	284	36	24	8
128	256	320	28	16	9
142	284	348	28	16	10
156	312	376	28	16	11
170	340	404	28	16	12
184	368	432	28	16	13

filesize: 396

------------------------------------------------------------------------
#	u1	u2	u3	u4	v1	v2	SIZE	OFFSET
------------------------------------------------------------------------
1	0	224	510	36	64	92	36	0
2	15	224	510	0	-	-	28	36
3	10	96	510	240	-	-	28	64
4	0	32	510	128	156	184	36	92
5	10	32	510	400	-	-	28	128
6	12	32	510	560	-	-	28	156
7	0	32	510	220	340	368	36	184
8	0	32	510	256	284	312	36	220
9	6	32	510	752	-	-	28	256
10	7	32	510	848	-	-	28	284
11	5	32	510	960	-	-	28	312
12	7	32	510	1040	-	-	28	340
13	12	32	510	1152	-	-	28	368
