[0]	11	0	0	191,64		128,127		128,64
[1]	10	0	0	191,64		128,127		128,64
[2]	11	0	0	128,191		191,128		191,191
[3]	11	0	0	191,128		128,191		128,128
[4]	10	0	0	128,191		191,128		191,191
[5]	10	0	0	191,128		128,191		128,128
[6]	10	0	0	128,255		191,192		191,255
[7]	10	0	0	191,192		128,255		128,192
[8]	10	0	0	192,63		255,0		255,63
[9]	10	0	0	255,0		192,63		192,0
[10]	11	0	0	128,127		191,64		191,127
[11]	11	0	0	191,64		128,127		128,64
[12]	10	0	0	128,127		191,64		191,127
[13]	10	0	0	191,64		128,127		128,64
[14]	11	0	0	127,192		64,255		64,192
[15]	11	0	0	64,255		127,192		127,255
[16]	11	0	0	127,0		64,63		64,0
[17]	11	0	0	127,64		64,127		64,64
[18]	11	0	0	64,63		127,0		127,63
[19]	11	0	0	128,191		191,128		191,191
[20]	11	0	0	191,128		128,191		128,128
[21]	10	0	0	128,191		191,128		191,191
[22]	10	0	0	191,128		128,191		128,128
[23]	11	0	0	127,64		64,127		64,64
[24]	11	0	0	64,191		127,128		127,191
[25]	11	0	0	64,191		127,128		127,191
[26]	10	0	0	191,255		128,192		128,255
[27]	11	0	0	63,128		0,191		0,128
[28]	11	0	0	64,63		127,0		127,63
[29]	10	0	0	255,0		192,63		192,0
[30]	10	0	0	192,63		255,0		255,63
[31]	11	0	0	64,255		127,192		127,255
[32]	10	0	0	192,127		255,64		255,127
[33]	10	0	0	255,64		192,127		192,64
[34]	11	0	0	127,128		64,191		64,128
[35]	11	0	0	127,128		64,191		64,128
[36]	11	0	0	127,128		64,191		64,128
[37]	11	0	0	127,128		64,191		64,128
[38]	11	0	0	64,255		127,192		127,255
[39]	11	0	0	127,192		64,255		64,192
[40]	11	0	0	127,0		64,63		64,0
[41]	11	0	0	64,63		127,0		127,63
[42]	11	0	0	127,0		64,63		64,0
[43]	11	0	0	64,63		127,0		127,63
[44]	8	0	0	0,64		63,127		0,127
[45]	8	0	0	63,127		0,64		63,64
[46]	11	0	0	64,255		127,192		127,255
[47]	11	0	0	127,192		64,255		64,192
[48]	11	0	0	64,63		127,0		127,63
[49]	11	0	0	127,0		64,63		64,0
[50]	11	0	0	64,63		127,0		127,63
[51]	11	0	0	127,0		64,63		64,0
[52]	8	0	0	63,159		31,191		0,159
[53]	11	0	0	127,64		64,127		64,64
[54]	11	0	0	64,127		127,64		127,127
[55]	8	0	0	63,191		0,191		0,128
[56]	11	0	0	64,191		127,128		127,191
[57]	11	0	0	127,128		64,191		64,128
[58]	11	0	0	64,191		127,128		127,191
[59]	11	0	0	64,191		127,128		127,191
[60]	10	0	0	128,255		191,192		191,255
[61]	10	0	0	191,192		128,255		128,192
[62]	10	0	0	255,127		192,64		255,64
[63]	10	0	0	192,64		255,127		192,127
[64]	10	0	0	192,127		255,64		192,64
[65]	10	0	0	255,64		192,127		255,127
[66]	11	0	0	127,255		64,192		127,192
[67]	11	0	0	64,192		127,255		64,255
[68]	11	0	0	127,192		64,255		64,192
[69]	11	0	0	64,255		127,192		127,255
[70]	10	0	0	255,63		192,0		255,0
[71]	10	0	0	192,0		255,63		192,63
[72]	10	0	0	192,0		255,63		192,63
[73]	10	0	0	255,63		192,0		255,0
[74]	10	0	0	191,255		128,192		191,192
[75]	10	0	0	128,192		191,255		128,255
[76]	10	0	0	191,255		128,192		191,192
[77]	10	0	0	128,192		191,255		128,255
[78]	11	0	0	128,191		191,128		191,191
[79]	10	0	0	128,191		191,128		191,191
[80]	10	0	0	128,192		191,255		191,192
[81]	10	0	0	191,255		128,192		128,255
[82]	10	0	0	192,0		255,63		255,0
[83]	10	0	0	255,63		192,0		192,63
[84]	10	0	0	128,255		191,192		191,255
[85]	11	0	0	64,127		127,64		127,127
[86]	11	0	0	127,192		64,255		64,192
[87]	8	0	0	128,63		128,0		191,0
[88]	10	0	0	191,192		128,255		128,192
[89]	8	0	0	0,127		0,64		63,64
[90]	8	0	0	0,127		0,64		63,64
[91]	8	0	0	0,191		0,128		63,128
[92]	11	0	0	127,64		64,127		64,64
[93]	8	0	0	128,64		191,64		191,127
[94]	8	0	0	191,0		191,63		128,63
[95]	8	0	0	63,128		63,191		0,191
[96]	8	0	0	0,191		0,128		63,128
[97]	8	0	0	63,128		63,191		0,191
[98]	8	0	0	0,128		63,128		63,191
[99]	11	0	0	191,64		128,127		128,64
[100]	11	0	0	128,127		191,64		191,127
[101]	10	0	0	191,64		128,127		128,64
[102]	10	0	0	128,127		191,64		191,127
[103]	8	0	0	63,64		63,127		0,127
[104]	8	0	0	63,64		63,127		0,127
[105]	10	0	0	255,128		255,191		192,191
[106]	10	0	0	192,191		192,128		255,128
[107]	11	0	0	0,191		0,128		63,128
[108]	11	0	0	63,128		63,191		0,191
[109]	11	0	0	64,63		64,0		127,0
[110]	10	0	0	192,63		192,0		255,0
[111]	10	0	0	255,0		255,63		192,63
[112]	10	0	0	255,0		255,63		192,63
[113]	10	0	0	192,63		192,0		255,0
[114]	11	0	0	64,255		127,192		127,255
[115]	10	0	0	192,63		192,0		255,0
[116]	10	0	0	255,0		255,63		192,63
[117]	11	0	0	63,192		63,255		0,255
[118]	8	0	0	0,127		0,64		63,64
[119]	11	0	0	64,63		64,0		127,0
[120]	11	0	0	127,64		127,127		64,127
[121]	11	0	0	127,64		127,127		64,127
[122]	8	0	0	63,64		63,127		0,127
[123]	11	0	0	63,128		63,191		0,191
[124]	10	0	0	255,127		192,127		192,64
[125]	8	0	0	64,255		64,192		127,192
[126]	11	0	0	64,191		64,128		127,128
[127]	11	0	0	127,128		127,191		64,191
[128]	11	0	0	127,192		127,255		64,255
[129]	11	0	0	64,255		64,192		127,192
[130]	11	0	0	64,63		64,0		127,0
[131]	11	0	0	127,0		127,63		64,63
[132]	10	0	0	192,64		255,64		255,127
[133]	10	0	0	255,127		192,127		192,64
[134]	10	0	0	192,64		255,64		255,127
[135]	10	0	0	255,64		255,127		192,127
[136]	11	0	0	64,191		64,128		127,128
[137]	11	0	0	127,192		127,255		64,255
[138]	10	0	0	192,63		192,0		255,0
[139]	10	0	0	255,0		255,63		192,63
[140]	8	0	0	0,127		0,64		63,64
[141]	8	0	0	64,255		64,192		127,192
[142]	8	0	0	191,0		191,63		128,63
[143]	11	0	0	192,127		192,96		223,96
[144]	11	0	0	223,96		223,127		192,127
[145]	11	0	0	192,127		192,96		223,96
[146]	11	0	0	192,127		223,96		192,96
[147]	8	0	0	128,127		128,64		191,64
[148]	8	0	0	127,192		127,255		64,255
[149]	11	0	0	223,96		223,127		192,127
[150]	11	0	0	223,96		223,127		192,127
[151]	11	0	0	192,127		192,96		223,96
[152]	11	0	0	223,96		192,127		223,127
[153]	11	0	0	192,127		192,96		223,96
[154]	11	0	0	223,96		223,127		192,127
[155]	11	0	0	192,127		192,96		223,96
[156]	11	0	0	192,127		223,96		192,96
[157]	8	0	0	0,191		0,128		63,128
[158]	8	0	0	63,64		63,127		0,127
[159]	8	0	0	128,127		128,64		191,64
[160]	8	0	0	191,64		191,127		128,127
[161]	11	0	0	223,96		223,127		192,127
[162]	11	0	0	223,96		223,127		192,127
[163]	11	0	0	192,127		192,96		223,96
[164]	11	0	0	223,96		192,127		223,127
[165]	8	0	0	63,64		63,127		0,127
[166]	10	0	0	255,255		192,255		255,192
[167]	10	0	0	255,255		192,255		255,192
[168]	10	0	0	255,255		192,255		255,192
[169]	10	0	0	192,192		255,192		192,255
[170]	10	0	0	255,192		255,255		192,255
[171]	10	0	0	192,192		255,192		192,255
[172]	10	0	0	255,192		255,255		192,255
[173]	10	0	0	192,192		255,192		192,255
[174]	10	0	0	255,192		255,255		192,255
[175]	8	0	0	64,64		127,64		64,127
[176]	8	0	0	64,64		127,64		64,127
[177]	8	0	0	64,64		127,64		64,127
[178]	11	0	0	192,64		192,95		223,64
[179]	11	0	0	223,64		192,95		223,95
[180]	11	0	0	192,64		192,95		223,64
[181]	11	0	0	223,64		192,95		223,95
[182]	11	0	0	192,64		192,95		223,64
[183]	11	0	0	223,95		192,95		223,64
[184]	11	0	0	192,95		192,64		223,64
[185]	11	0	0	223,95		192,95		223,64
[186]	11	0	0	192,95		192,64		223,64
[187]	11	0	0	223,95		192,95		223,64
[188]	11	0	0	128,254		128,212		141,212
[189]	11	0	0	141,212		142,254		128,254
[190]	11	0	0	142,254		141,212		153,212
[191]	11	0	0	153,212		154,254		142,254
[192]	11	0	0	154,254		153,212		165,212
[193]	11	0	0	165,212		165,254		154,254
[194]	11	0	0	165,254		165,212		177,212
[195]	11	0	0	177,212		176,254		165,254
[196]	11	0	0	176,254		177,212		190,212
[197]	11	0	0	190,212		190,254		176,254
[198]	11	0	0	141,212		128,212		159,192
[199]	11	0	0	153,212		141,212		159,192
[200]	11	0	0	177,212		165,212		159,192
[201]	11	0	0	190,212		177,212		159,192
[202]	11	0	0	128,255		128,192		191,192
[203]	8	0	0	128,127		128,64		191,64
[204]	8	0	0	191,127		128,127		128,64
[205]	11	0	0	192,127		192,96		223,96
[206]	11	0	0	223,96		223,127		192,127
[207]	11	0	0	192,127		192,96		223,96
[208]	11	0	0	223,96		223,127		192,127
[209]	11	0	0	192,127		192,96		223,96
[210]	11	0	0	192,127		223,96		192,96
[211]	8	0	0	0,127		0,64		63,64
[212]	8	0	0	0,191		0,128		63,128
[213]	8	0	0	63,128		63,191		0,191
[214]	8	0	0	63,64		63,127		0,127
[215]	8	0	0	0,127		0,64		63,64
[216]	8	0	0	63,128		63,191		0,191
[217]	11	0	0	223,96		223,127		192,127
[218]	11	0	0	192,127		192,96		223,96
[219]	8	0	0	128,127		128,64		191,64
[220]	8	0	0	128,127		128,64		191,64
[221]	8	0	0	191,64		191,127		128,127
[222]	8	0	0	191,64		191,127		128,127
[223]	11	0	0	223,96		223,127		192,127
[224]	11	0	0	192,127		192,96		223,96
[225]	11	0	0	223,96		223,127		192,127
[226]	11	0	0	223,96		223,127		192,127
[227]	11	0	0	192,127		192,96		223,96
[228]	11	0	0	223,96		192,127		223,127
[229]	11	0	0	223,96		223,127		192,127
[230]	11	0	0	192,127		192,96		223,96
[231]	8	0	0	191,64		191,127		128,127
[232]	8	0	0	191,64		191,127		128,127
[233]	8	0	0	128,127		128,64		191,64
[234]	11	0	0	223,96		223,127		192,127
[235]	11	0	0	192,127		192,96		223,96
[236]	11	0	0	223,96		223,127		192,127
[237]	11	0	0	192,127		192,96		223,96
[238]	11	0	0	223,96		223,127		192,127
[239]	11	0	0	192,127		192,96		223,96
[240]	11	0	0	223,96		223,127		192,127
[241]	11	0	0	192,127		192,96		223,96
[242]	8	0	0	63,64		63,127		0,127
[243]	8	0	0	63,64		63,127		0,127
[244]	8	0	0	0,127		0,64		63,64
[245]	8	0	0	63,159		31,191		0,159
[246]	11	0	0	127,0		64,63		64,0
[247]	11	0	0	64,63		127,0		127,63
[248]	11	0	0	127,192		64,255		64,192
[249]	11	0	0	64,255		127,192		127,255
[250]	8	0	0	0,128		63,128		63,191
[251]	10	0	0	255,64		192,127		192,64
[252]	10	0	0	192,127		255,64		255,127
[253]	10	0	0	192,64		255,127		192,127
[254]	10	0	0	255,127		192,64		255,64
[255]	10	0	0	255,127		192,64		192,127
[256]	10	0	0	255,63		192,63		192,0
[257]	10	0	0	255,63		192,0		255,0
[258]	10	0	0	192,0		255,63		192,63
[259]	10	0	0	192,0		255,63		192,63
[260]	10	0	0	255,63		192,0		255,0
[261]	10	0	0	191,255		128,192		191,192
[262]	10	0	0	128,192		191,255		128,255
[263]	10	0	0	255,0		192,63		192,0
[264]	8	0	0	128,64		191,64		191,127
[265]	8	0	0	191,0		191,63		128,63
[266]	11	0	0	192,64		192,95		223,64
[267]	11	0	0	223,64		192,95		223,95
[268]	11	0	0	223,64		192,95		223,95
[269]	11	0	0	192,64		223,64		192,95
[270]	11	0	0	192,95		192,64		223,64
[271]	11	0	0	223,64		223,95		192,95
[272]	8	0	0	63,128		63,191		0,191
[273]	8	0	0	63,191		0,191		0,128
[274]	11	0	0	192,64		192,95		223,64
[275]	11	0	0	223,64		192,95		223,95
[276]	11	0	0	223,95		192,95		223,64
[277]	11	0	0	192,95		192,64		223,64
[278]	11	0	0	192,127		192,96		223,96
[279]	8	0	0	63,64		63,127		0,127
[280]	8	0	0	0,127		0,64		63,64
[281]	8	0	0	0,191		0,128		63,128
[282]	11	0	0	223,96		223,127		192,127
[283]	11	0	0	192,127		192,96		223,96
[284]	8	0	0	128,127		128,64		191,64
[285]	8	0	0	191,127		128,127		128,64
[286]	8	0	0	128,127		128,64		191,64
[287]	8	0	0	128,127		128,64		191,64
[288]	8	0	0	191,64		191,127		128,127
[289]	8	0	0	191,64		191,127		128,127
[290]	11	0	0	192,127		223,96		192,96
[291]	11	0	0	192,127		192,96		223,96
[292]	11	0	0	223,96		223,127		192,127
[293]	11	0	0	192,127		192,96		223,96
[294]	11	0	0	192,127		223,96		192,96
[295]	11	0	0	223,96		223,127		192,127
[296]	11	0	0	192,127		192,96		223,96
[297]	11	0	0	223,96		223,127		192,127
[298]	11	0	0	192,127		192,96		223,96
[299]	11	0	0	223,96		223,127		192,127
[300]	11	0	0	192,127		192,96		223,96
[301]	11	0	0	223,96		192,127		223,127
[302]	11	0	0	192,127		223,96		192,96
[303]	9	0	0	63,255		0,192		63,192
[304]	9	0	0	0,192		63,255		0,255
[305]	11	0	0	64,127		127,64		127,127
[306]	11	0	0	127,0		64,63		64,0
[307]	11	0	0	64,63		127,0		127,63
[308]	11	0	0	63,192		0,255		0,192
[309]	11	0	0	63,192		0,255		0,192
[310]	11	0	0	0,255		63,192		63,255
[311]	11	0	0	63,192		0,255		0,192
[312]	11	0	0	0,255		63,192		63,255
[313]	8	0	0	63,191		0,191		0,128
[314]	11	0	0	64,191		127,128		127,191
[315]	11	0	0	127,128		64,191		64,128
[316]	11	0	0	127,128		64,191		64,128
[317]	11	0	0	64,191		127,128		127,191
[318]	11	0	0	127,128		64,191		64,128
[319]	10	0	0	191,192		128,255		128,192
[320]	10	0	0	128,255		191,192		191,255
[321]	10	0	0	192,64		255,127		255,64
[322]	11	0	0	127,192		64,255		64,192
[323]	11	0	0	64,255		127,192		127,255
[324]	11	0	0	127,192		64,255		64,192
[325]	11	0	0	64,255		127,192		127,255
[326]	11	0	0	127,192		64,255		64,192
[327]	10	0	0	191,255		128,192		191,192
[328]	10	0	0	128,192		191,255		128,255
[329]	10	0	0	191,255		128,192		191,192
[330]	10	0	0	128,192		191,255		128,255
[331]	9	0	0	191,64		191,127		128,127
[332]	9	0	0	191,64		191,127		128,127
[333]	9	0	0	191,64		191,127		128,127
[334]	9	0	0	191,64		191,127		128,127
[335]	9	0	0	191,64		191,127		128,127
[336]	9	0	0	191,64		191,127		128,127
[337]	9	0	0	127,192		127,255		64,255
[338]	9	0	0	64,255		64,192		127,192
[339]	9	0	0	127,192		127,255		64,255
[340]	9	0	0	64,255		64,192		127,192
[341]	9	0	0	127,192		127,255		64,255
[342]	9	0	0	64,255		64,192		127,192
[343]	9	0	0	127,192		127,255		64,255
[344]	9	0	0	64,255		64,192		127,192
[345]	9	0	0	127,192		127,255		64,255
[346]	9	0	0	64,255		64,192		127,192
[347]	9	0	0	127,192		127,255		64,255
[348]	9	0	0	64,255		64,192		127,192
[349]	9	0	0	191,64		191,127		128,127
[350]	9	0	0	128,127		128,64		191,64
[351]	9	0	0	191,64		191,127		128,127
[352]	9	0	0	128,127		128,64		191,64
[353]	9	0	0	191,64		191,127		128,127
[354]	9	0	0	128,127		128,64		191,64
[355]	9	0	0	191,64		191,127		128,127
[356]	9	0	0	128,127		128,64		191,64
[357]	9	0	0	191,64		191,127		128,127
[358]	9	0	0	128,127		128,64		191,64
[359]	9	0	0	191,64		191,127		128,127
[360]	9	0	0	128,127		128,64		191,64
[361]	8	0	0	191,0		191,63		128,63
[362]	8	0	0	63,128		63,191		0,191
[363]	8	0	0	63,128		63,191		0,191
[364]	8	0	0	0,128		63,128		63,191
[365]	8	0	0	128,0		191,0		191,63
[366]	8	0	0	63,64		63,127		0,127
[367]	8	0	0	0,127		0,64		63,64
[368]	8	0	0	63,128		63,191		0,191
[369]	8	0	0	0,191		0,128		63,128
[370]	9	0	0	0,191		0,128		63,128
[371]	9	0	0	63,128		63,191		0,191
[372]	8	0	0	63,128		63,191		0,191
[373]	9	0	0	191,0		191,63		128,63
[374]	9	0	0	128,63		128,0		191,0
[375]	9	0	0	191,0		191,63		128,63
[376]	9	0	0	128,63		128,0		191,0
[377]	9	0	0	191,0		191,63		128,63
[378]	9	0	0	128,63		128,0		191,0
[379]	9	0	0	191,0		191,63		128,63
[380]	9	0	0	128,63		128,0		191,0
[381]	9	0	0	191,0		191,63		128,63
[382]	9	0	0	128,63		128,0		191,0
[383]	9	0	0	191,0		191,63		128,63
[384]	9	0	0	128,63		128,0		191,0
[385]	8	0	0	63,64		63,127		0,127
[386]	8	0	0	0,127		0,64		63,64
[387]	8	0	0	63,128		63,191		0,191
[388]	8	0	0	63,64		63,127		0,127
[389]	8	0	0	0,127		0,64		63,64
[390]	8	0	0	0,191		0,128		63,128
[391]	10	0	0	255,255		192,255		255,192
[392]	10	0	0	255,255		192,255		255,192
[393]	10	0	0	255,255		192,255		255,192
[394]	10	0	0	192,192		255,192		192,255
[395]	10	0	0	255,192		255,255		192,255
[396]	10	0	0	192,192		255,192		192,255
[397]	10	0	0	255,192		255,255		192,255
[398]	10	0	0	192,192		255,192		192,255
[399]	10	0	0	255,192		255,255		192,255
[400]	8	0	0	64,64		127,64		64,127
[401]	8	0	0	64,64		127,64		64,127
[402]	8	0	0	64,64		127,64		64,127
[403]	11	0	0	192,64		192,95		223,64
[404]	11	0	0	223,64		192,95		223,95
[405]	11	0	0	192,64		192,95		223,64
[406]	11	0	0	223,64		192,95		223,95
[407]	11	0	0	192,64		192,95		223,64
[408]	11	0	0	223,64		192,95		223,95
[409]	11	0	0	192,64		192,95		223,64
[410]	11	0	0	223,64		192,95		223,95
[411]	11	0	0	192,64		192,95		223,64
[412]	11	0	0	223,64		192,95		223,95
[413]	11	0	0	192,64		223,64		192,95
[414]	11	0	0	192,95		192,64		223,64
[415]	11	0	0	223,95		192,95		223,64
[416]	11	0	0	192,95		192,64		223,64
[417]	11	0	0	223,95		192,95		223,64
[418]	11	0	0	192,95		192,64		223,64
[419]	11	0	0	223,95		192,95		223,64
[420]	11	0	0	192,95		192,64		223,64
[421]	11	0	0	223,95		192,95		223,64
[422]	11	0	0	223,64		223,95		192,95
[423]	11	0	0	128,254		128,212		141,212
[424]	11	0	0	141,212		142,254		128,254
[425]	11	0	0	142,254		141,212		153,212
[426]	11	0	0	153,212		154,254		142,254
[427]	11	0	0	154,254		153,212		165,212
[428]	11	0	0	165,212		165,254		154,254
[429]	11	0	0	165,254		165,212		177,212
[430]	11	0	0	177,212		176,254		165,254
[431]	11	0	0	176,254		177,212		190,212
[432]	11	0	0	190,212		190,254		176,254
[433]	11	0	0	141,212		128,212		159,192
[434]	11	0	0	153,212		141,212		159,192
[435]	11	0	0	177,212		165,212		159,192
[436]	11	0	0	190,212		177,212		159,192
[437]	11	0	0	191,192		191,255		128,255
[438]	11	0	0	223,96		223,127		192,127
[439]	11	0	0	192,127		192,96		223,96
[440]	8	0	0	191,64		191,127		128,127
[441]	11	0	0	192,127		192,96		223,96
[442]	11	0	0	223,96		223,127		192,127
[443]	11	0	0	192,127		192,96		223,96
[444]	11	0	0	223,96		223,127		192,127
[445]	11	0	0	192,127		192,96		223,96
[446]	11	0	0	192,127		223,96		192,96
[447]	8	0	0	191,64		191,127		128,127
[448]	11	0	0	223,96		223,127		192,127
[449]	11	0	0	192,127		192,96		223,96
[450]	11	0	0	223,96		223,127		192,127
[451]	11	0	0	223,96		223,127		192,127
[452]	11	0	0	192,127		192,96		223,96
[453]	11	0	0	223,96		192,127		223,127
[454]	8	0	0	128,127		128,64		191,64
[455]	8	0	0	128,127		128,64		191,64
[456]	11	0	0	223,96		223,127		192,127
[457]	11	0	0	192,127		192,96		223,96
[458]	11	0	0	223,96		223,127		192,127
[459]	11	0	0	192,127		192,96		223,96
[460]	8	0	0	127,128		127,191		64,191
[461]	8	0	0	191,63		128,63		128,0
[462]	8	0	0	128,0		191,0		191,63
[463]	8	0	0	191,64		191,127		128,127
[464]	8	0	0	128,127		128,64		191,64
[465]	8	0	0	191,63		128,63		128,0
[466]	11	0	0	223,96		223,127		192,127
[467]	11	0	0	192,127		192,96		223,96
[468]	11	0	0	223,96		223,127		192,127
[469]	11	0	0	192,127		192,96		223,96
[470]	11	0	0	223,96		223,127		192,127
[471]	11	0	0	192,127		192,96		223,96
[472]	11	0	0	223,96		192,127		223,127
[473]	11	0	0	192,127		223,96		192,96
[474]	8	0	0	0,127		0,64		63,64
[475]	8	0	0	63,128		63,191		0,191
[476]	8	0	0	63,128		63,191		0,191
[477]	8	0	0	0,191		0,128		63,128
[478]	8	0	0	63,128		63,191		0,191
[479]	8	0	0	0,191		0,128		63,128
[480]	8	0	0	0,109		48,109		48,64
[481]	8	0	0	0,127		0,64		63,64
[482]	8	0	0	0,127		0,64		63,64
[483]	8	0	0	63,64		63,127		0,127
[484]	8	0	0	0,127		0,64		63,64
[485]	8	0	0	63,64		63,127		0,127
[486]	8	0	0	0,127		0,64		63,64
[487]	8	0	0	63,64		63,127		0,127
[488]	8	0	0	0,127		0,64		63,64
[489]	8	0	0	63,64		63,127		0,127
[490]	8	0	0	0,127		0,64		63,64
[491]	10	0	0	191,0		191,63		128,63
[492]	10	0	0	128,63		128,0		191,0
[493]	10	0	0	127,192		127,255		64,255
[494]	10	0	0	64,255		64,192		127,192
[495]	8	0	0	0,64		63,64		63,127
[496]	8	0	0	63,127		0,127		0,64
[497]	8	0	0	63,128		63,191		0,191
[498]	8	0	0	0,191		0,128		63,128
[499]	8	0	0	255,0		255,63		192,63
[500]	8	0	0	192,63		192,0		255,0
[501]	8	0	0	0,191		0,128		63,128
[502]	8	0	0	128,0		191,0		191,63
[503]	10	0	0	127,192		127,255		64,255
[504]	10	0	0	64,255		64,192		127,192
[505]	10	0	0	191,0		191,63		128,63
[506]	10	0	0	128,63		128,0		191,0
[507]	11	0	0	223,96		223,127		192,127
[508]	11	0	0	192,127		192,96		223,96
[509]	8	0	0	63,128		63,191		0,191
[510]	8	0	0	0,191		0,128		63,128
[511]	8	0	0	63,64		63,127		0,127
[512]	8	0	0	0,127		0,64		63,64
[513]	8	0	0	63,64		63,127		0,127
[514]	8	0	0	0,127		0,64		63,64
[515]	8	0	0	63,128		63,191		0,191
[516]	10	0	0	192,0		255,0		255,63
[517]	10	0	0	255,63		192,63		192,0
[518]	10	0	0	255,0		255,63		192,63
[519]	8	0	0	191,0		191,63		128,63
[520]	10	0	0	192,63		192,0		255,0
[521]	10	0	0	255,0		255,63		192,63
[522]	10	0	0	192,63		192,0		255,0
[523]	10	0	0	255,0		255,63		192,63
[524]	10	0	0	255,0		255,63		192,63
[525]	10	0	0	192,63		192,0		255,0
[526]	8	0	0	0,127		0,64		63,64
[527]	11	0	0	64,63		64,0		127,0
[528]	11	0	0	64,255		64,192		127,192
[529]	11	0	0	64,255		64,192		127,192
[530]	8	0	0	63,64		63,127		0,127
[531]	8	0	0	191,64		191,127		128,127
[532]	8	0	0	128,127		128,64		191,64
[533]	8	0	0	128,127		128,64		191,64
[534]	8	0	0	191,64		191,127		128,127
[535]	8	0	0	0,191		0,128		63,128
[536]	8	0	0	63,64		63,127		0,127
[537]	8	0	0	128,127		128,64		191,64
[538]	8	0	0	128,127		128,64		191,64
[539]	8	0	0	191,64		191,127		128,127
[540]	8	0	0	191,64		191,127		128,127
[541]	11	0	0	223,96		223,127		192,127
[542]	11	0	0	192,127		192,96		223,96
[543]	11	0	0	223,96		223,127		192,127
[544]	11	0	0	192,127		192,96		223,96
[545]	8	0	0	0,191		0,128		63,128
[546]	8	0	0	0,191		0,128		63,128
[547]	8	0	0	0,127		0,64		63,64
[548]	8	0	0	63,64		63,127		0,127
[549]	8	0	0	63,64		63,127		0,127
[550]	8	0	0	63,128		63,191		0,191
[551]	11	0	0	223,96		223,127		192,127
[552]	11	0	0	192,127		192,96		223,96
[553]	8	0	0	0,191		0,128		63,128
[554]	8	0	0	63,64		63,127		0,127
[555]	11	0	0	223,96		223,127		192,127
[556]	11	0	0	192,127		192,96		223,96
[557]	11	0	0	223,96		223,127		192,127
[558]	11	0	0	192,127		192,96		223,96
[559]	8	0	0	191,64		191,127		128,127
[560]	8	0	0	128,127		128,64		191,64
[561]	11	0	0	223,96		192,127		223,127
[562]	11	0	0	192,127		223,96		192,96
[563]	11	0	0	192,127		192,96		223,96
[564]	11	0	0	223,96		223,127		192,127
[565]	11	0	0	192,127		192,96		223,96
[566]	11	0	0	192,127		223,96		192,96
[567]	11	0	0	223,96		223,127		192,127
[568]	11	0	0	223,96		223,127		192,127
[569]	11	0	0	192,127		192,96		223,96
[570]	11	0	0	223,96		192,127		223,127
[571]	8	0	0	191,64		191,127		128,127
[572]	8	0	0	191,64		191,127		128,127
[573]	11	0	0	223,96		223,127		192,127
[574]	11	0	0	192,127		192,96		223,96
[575]	11	0	0	223,96		223,127		192,127
[576]	11	0	0	192,127		192,96		223,96
[577]	8	0	0	63,64		63,127		0,127
[578]	8	0	0	0,191		0,128		63,128
[579]	8	0	0	0,191		0,128		63,128
[580]	8	0	0	0,191		0,128		63,128
[581]	8	0	0	63,64		63,127		0,127
[582]	8	0	0	63,64		63,127		0,127
[583]	8	0	0	191,64		191,127		128,127
[584]	8	0	0	128,127		128,64		191,64
[585]	8	0	0	128,0		191,0		191,63
[586]	8	0	0	64,191		64,128		127,128
[587]	8	0	0	63,64		63,127		0,127
[588]	8	0	0	0,95		31,64		63,95
[589]	10	0	0	127,192		127,255		64,255
[590]	10	0	0	64,255		64,192		127,192
[591]	10	0	0	191,0		191,63		128,63
[592]	10	0	0	128,63		128,0		191,0
[593]	8	0	0	191,128		191,191		128,191
[594]	8	0	0	128,191		128,128		191,128
[595]	8	0	0	63,128		63,191		0,191
[596]	8	0	0	0,191		0,128		63,128
[597]	8	0	0	63,64		63,127		0,127
[598]	8	0	0	0,127		0,64		63,64
[599]	8	0	0	63,64		63,127		0,127
[600]	8	0	0	0,127		0,64		63,64
[601]	8	0	0	63,64		63,127		0,127
[602]	8	0	0	0,127		0,64		63,64
[603]	8	0	0	63,64		63,127		0,127
[604]	8	0	0	0,127		0,64		63,64
[605]	10	0	0	192,63		192,0		255,0
[606]	10	0	0	255,0		255,63		192,63
[607]	11	0	0	63,128		63,191		0,191
[608]	11	0	0	0,255		0,192		63,192
[609]	11	0	0	63,192		63,255		0,255
[610]	8	0	0	0,127		0,64		63,64
[611]	8	0	0	63,64		63,127		0,127
[612]	11	0	0	127,192		127,255		64,255
[613]	8	0	0	0,127		0,64		63,64
[614]	11	0	0	64,63		64,0		127,0
[615]	11	0	0	64,255		64,192		127,192
[616]	11	0	0	127,192		127,255		64,255
[617]	8	0	0	63,64		63,127		0,127
[618]	10	0	0	255,128		255,191		192,191
[619]	11	0	0	63,128		63,191		0,191
[620]	11	0	0	0,191		0,128		63,128
[621]	10	0	0	128,128		191,128		191,191
[622]	10	0	0	191,191		128,191		128,128
[623]	10	0	0	192,64		255,64		255,127
[624]	11	0	0	64,191		64,128		127,128
[625]	11	0	0	64,255		64,192		127,192
[626]	10	0	0	192,63		192,0		255,0
[627]	10	0	0	255,0		255,63		192,63
[628]	10	0	0	192,127		192,64		255,64
[629]	10	0	0	255,64		255,127		192,127
[630]	8	0	0	191,0		191,63		128,63
[631]	11	0	0	64,191		64,128		127,128
[632]	11	0	0	127,128		127,191		64,191
[633]	11	0	0	127,255		64,255		64,192
[634]	11	0	0	64,192		127,192		127,255
[635]	11	0	0	63,192		63,255		0,255
[636]	11	0	0	0,255		0,192		63,192
[637]	11	0	0	63,192		63,255		0,255
[638]	10	0	0	255,64		255,127		192,127
[639]	10	0	0	192,127		192,64		255,64
[640]	11	0	0	191,191		128,191		128,128
[641]	11	0	0	128,128		191,128		191,191
[642]	10	0	0	192,63		192,0		255,0
[643]	10	0	0	255,0		255,63		192,63
[644]	10	0	0	255,0		255,63		192,63
[645]	10	0	0	192,63		192,0		255,0
[646]	8	0	0	191,64		191,127		128,127
[647]	8	0	0	128,127		128,64		191,64
[648]	8	0	0	128,0		191,0		191,63
[649]	8	0	0	191,63		128,63		128,0
[650]	8	0	0	191,64		191,127		128,127
[651]	8	0	0	0,191		0,128		63,128
[652]	8	0	0	63,64		63,127		0,127
[653]	10	0	0	255,255		192,255		255,192
[654]	10	0	0	255,255		192,255		255,192
[655]	10	0	0	255,255		192,255		255,192
[656]	10	0	0	192,192		255,192		192,255
[657]	10	0	0	255,192		255,255		192,255
[658]	10	0	0	192,192		255,192		192,255
[659]	10	0	0	255,192		255,255		192,255
[660]	10	0	0	192,192		255,192		192,255
[661]	10	0	0	255,192		255,255		192,255
[662]	8	0	0	64,64		127,64		64,127
[663]	8	0	0	64,64		127,64		64,127
[664]	8	0	0	64,64		127,64		64,127
[665]	11	0	0	192,64		192,95		223,64
[666]	11	0	0	192,64		192,95		223,64
[667]	11	0	0	223,64		192,95		223,95
[668]	11	0	0	192,64		223,64		192,95
[669]	11	0	0	223,95		192,95		223,64
[670]	11	0	0	223,64		223,95		192,95
[671]	11	0	0	128,254		128,212		141,212
[672]	11	0	0	141,212		142,254		128,254
[673]	11	0	0	142,254		141,212		153,212
[674]	11	0	0	153,212		154,254		142,254
[675]	11	0	0	154,254		153,212		165,212
[676]	11	0	0	165,212		165,254		154,254
[677]	11	0	0	190,212		190,254		176,254
[678]	11	0	0	141,212		128,212		159,192
[679]	11	0	0	153,212		141,212		159,192
[680]	11	0	0	128,255		128,192		191,192
[681]	11	0	0	223,64		192,95		223,95
[682]	11	0	0	192,64		192,95		223,64
[683]	11	0	0	223,64		192,95		223,95
[684]	11	0	0	192,64		192,95		223,64
[685]	11	0	0	223,64		192,95		223,95
[686]	11	0	0	192,64		192,95		223,64
[687]	11	0	0	223,64		192,95		223,95
[688]	11	0	0	192,95		192,64		223,64
[689]	11	0	0	223,95		192,95		223,64
[690]	11	0	0	223,95		192,95		223,64
[691]	11	0	0	192,95		192,64		223,64
[692]	11	0	0	223,95		192,95		223,64
[693]	11	0	0	192,95		192,64		223,64
[694]	11	0	0	165,254		165,212		177,212
[695]	11	0	0	177,212		176,254		165,254
[696]	11	0	0	176,254		177,212		190,212
[697]	11	0	0	177,212		165,212		159,192
[698]	11	0	0	190,212		177,212		159,192
[699]	11	0	0	192,95		192,64		223,64
[700]	8	0	0	63,64		63,127		0,127
[701]	8	0	0	63,128		63,191		0,191
[702]	8	0	0	63,128		63,191		0,191
[703]	8	0	0	0,127		0,64		63,64
[704]	8	0	0	128,127		128,64		191,64
[705]	8	0	0	191,64		191,127		128,127
[706]	8	0	0	128,127		128,64		191,64
[707]	11	0	0	223,96		223,127		192,127
[708]	11	0	0	192,127		192,96		223,96
[709]	11	0	0	223,96		223,127		192,127
[710]	11	0	0	192,127		192,96		223,96
[711]	11	0	0	223,96		223,127		192,127
[712]	11	0	0	192,127		192,96		223,96
[713]	11	0	0	223,96		223,127		192,127
[714]	11	0	0	192,127		192,96		223,96
[715]	11	0	0	223,96		223,127		192,127
[716]	11	0	0	192,127		192,96		223,96
[717]	11	0	0	223,96		192,127		223,127
[718]	11	0	0	192,127		223,96		192,96
[719]	10	0	0	191,192		128,192		128,255
[720]	10	0	0	128,255		191,255		191,192
[721]	10	0	0	255,0		192,0		192,63
[722]	10	0	0	192,63		255,63		255,0
[723]	10	0	0	128,255		191,255		191,192
[724]	11	0	0	191,127		128,127		128,64
[725]	10	0	0	191,127		128,127		128,64
[726]	11	0	0	127,192		127,255		64,255
[727]	11	0	0	64,127		64,64		127,64
[728]	8	0	0	128,63		128,0		191,0
[729]	10	0	0	191,192		128,192		128,255
[730]	8	0	0	0,127		0,64		63,64
[731]	8	0	0	63,64		63,127		0,127
[732]	8	0	0	63,128		0,191		0,128
[733]	11	0	0	64,127		64,64		127,64
[734]	8	0	0	191,0		191,63		128,63
[735]	8	0	0	128,0		191,0		191,63
[736]	8	0	0	63,128		0,191		0,128
[737]	8	0	0	63,128		63,191		0,191
[738]	8	0	0	63,64		63,127		0,127
[739]	8	0	0	0,127		0,64		63,64
[740]	10	0	0	192,63		255,63		255,0
[741]	10	0	0	255,0		192,0		192,63
[742]	11	0	0	128,64		191,64		191,127
[743]	11	0	0	191,127		128,127		128,64
[744]	10	0	0	191,191		128,191		128,128
[745]	10	0	0	128,128		191,128		191,191
[746]	11	0	0	64,255		64,192		127,192
[747]	11	0	0	127,64		127,127		64,127
[748]	11	0	0	127,0		127,63		64,63
[749]	11	0	0	64,63		64,0		127,0
[750]	10	0	0	255,0		192,0		192,63
[751]	10	0	0	128,255		191,255		191,192
[752]	10	0	0	191,192		128,192		128,255
[753]	11	0	0	128,128		191,128		191,191
[754]	11	0	0	191,191		128,191		128,128
[755]	10	0	0	191,127		128,127		128,64
[756]	10	0	0	128,64		191,64		191,127
[757]	11	0	0	127,192		127,255		64,255
[758]	11	0	0	128,64		191,64		191,127
[759]	11	0	0	191,127		128,127		128,64
[760]	10	0	0	191,191		128,191		128,128
[761]	10	0	0	128,128		191,128		191,191
[762]	11	0	0	191,128		191,191		128,191
[763]	10	0	0	191,64		191,127		128,127
[764]	11	0	0	127,64		127,127		64,127
[765]	11	0	0	191,191		128,191		128,128
[766]	11	0	0	128,128		191,128		191,191
[767]	10	0	0	191,127		128,127		128,64
[768]	10	0	0	128,64		191,64		191,127
[769]	11	0	0	64,127		64,64		127,64
[770]	11	0	0	127,0		127,63		64,63
[771]	11	0	0	64,63		64,0		127,0
[772]	11	0	0	127,0		127,63		64,63
[773]	11	0	0	64,63		64,0		127,0
[774]	8	0	0	63,64		63,127		0,127
[775]	8	0	0	63,64		63,127		0,127
[776]	11	0	0	64,255		64,192		127,192
[777]	11	0	0	127,192		127,255		64,255
[778]	10	0	0	191,192		191,255		128,255
[779]	10	0	0	128,255		128,192		191,192
[780]	11	0	0	64,191		64,128		127,128
[781]	11	0	0	127,128		127,191		64,191
[782]	11	0	0	127,128		127,191		64,191
[783]	11	0	0	64,191		64,128		127,128
[784]	10	0	0	191,192		191,255		128,255
[785]	10	0	0	128,255		128,192		191,192
[786]	10	0	0	191,192		191,255		128,255
[787]	10	0	0	128,255		128,192		191,192
[788]	11	0	0	127,192		127,255		64,255
[789]	11	0	0	64,255		64,192		127,192
[790]	11	0	0	127,255		64,255		64,192
[791]	11	0	0	64,192		127,192		127,255
[792]	10	0	0	192,127		192,64		255,64
[793]	11	0	0	127,0		127,63		64,63
[794]	11	0	0	64,63		64,0		127,0
[795]	11	0	0	127,128		127,191		64,191
[796]	11	0	0	64,191		64,128		127,128
[797]	11	0	0	127,128		127,191		64,191
[798]	11	0	0	64,191		64,128		127,128
[799]	11	0	0	127,255		64,255		64,192
[800]	11	0	0	64,192		127,192		127,255
[801]	11	0	0	127,128		127,191		64,191
[802]	11	0	0	64,191		64,128		127,128
[803]	10	0	0	255,63		192,63		192,0
[804]	10	0	0	192,63		192,0		255,0
[805]	10	0	0	255,0		255,63		192,63
[806]	11	0	0	0,191		0,128		63,128
[807]	11	0	0	64,63		64,0		127,0
[808]	11	0	0	64,255		64,192		127,192
[809]	8	0	0	191,64		191,127		128,127
[810]	11	0	0	223,96		223,127		192,127
[811]	11	0	0	223,96		223,127		192,127
[812]	11	0	0	192,127		192,96		223,96
[813]	11	0	0	223,96		192,127		223,127
[814]	11	0	0	223,96		223,127		192,127
[815]	11	0	0	223,96		223,127		192,127
[816]	11	0	0	192,127		192,96		223,96
[817]	11	0	0	223,96		192,127		223,127
[818]	8	0	0	191,64		191,127		128,127
[819]	8	0	0	191,64		191,127		128,127
[820]	8	0	0	0,191		0,128		63,128
[821]	8	0	0	63,64		63,127		0,127
[822]	8	0	0	128,127		128,64		191,64
[823]	8	0	0	127,191		64,191		64,128
[824]	11	0	0	223,64		192,95		223,95
[825]	11	0	0	192,64		192,95		223,64
[826]	11	0	0	223,64		192,95		223,95
[827]	11	0	0	192,64		192,95		223,64
[828]	11	0	0	223,64		192,95		223,95
[829]	11	0	0	192,95		192,64		223,64
[830]	11	0	0	223,95		192,95		223,64
[831]	11	0	0	192,95		192,64		223,64
[832]	11	0	0	223,95		192,95		223,64
[833]	11	0	0	223,64		223,95		192,95
[834]	8	0	0	64,128		127,128		127,191
[835]	8	0	0	128,0		191,0		191,63
[836]	8	0	0	0,191		0,128		63,128
[837]	8	0	0	63,64		63,127		0,127
[838]	10	0	0	255,127		192,127		192,64
[839]	10	0	0	192,64		255,64		255,127
[840]	10	0	0	192,127		192,64		255,64
[841]	10	0	0	255,64		255,127		192,127
[842]	10	0	0	255,63		192,63		192,0
[843]	10	0	0	192,63		192,0		255,0
[844]	10	0	0	255,0		255,63		192,63
[845]	10	0	0	255,0		255,63		192,63
[846]	10	0	0	192,63		192,0		255,0
[847]	10	0	0	191,192		191,255		128,255
[848]	10	0	0	128,255		128,192		191,192
[849]	8	0	0	0,191		0,128		63,128
[850]	11	0	0	64,127		64,64		127,64
[851]	11	0	0	127,64		127,127		64,127
[852]	10	0	0	255,64		255,127		192,127
[853]	10	0	0	255,127		192,127		192,64
[854]	11	0	0	127,0		127,63		64,63
[855]	11	0	0	64,63		64,0		127,0
[856]	11	0	0	127,0		127,63		64,63
[857]	11	0	0	64,63		64,0		127,0
[858]	10	0	0	192,0		255,0		255,63
[859]	10	0	0	192,63		192,0		255,0
[860]	10	0	0	255,0		255,63		192,63
[861]	11	0	0	64,127		64,64		127,64
[862]	11	0	0	223,96		223,127		192,127
[863]	11	0	0	192,127		192,96		223,96
[864]	8	0	0	191,64		191,127		128,127
[865]	11	0	0	223,96		223,127		192,127
[866]	11	0	0	192,127		192,96		223,96
[867]	11	0	0	223,96		223,127		192,127
[868]	11	0	0	192,127		192,96		223,96
[869]	11	0	0	223,96		223,127		192,127
[870]	11	0	0	192,127		192,96		223,96
[871]	11	0	0	223,96		223,127		192,127
[872]	11	0	0	192,127		192,96		223,96
[873]	11	0	0	223,96		192,127		223,127
[874]	11	0	0	192,127		223,96		192,96
[875]	11	0	0	223,96		223,127		192,127
[876]	11	0	0	192,127		192,96		223,96
[877]	11	0	0	223,96		223,127		192,127
[878]	11	0	0	192,127		192,96		223,96
[879]	8	0	0	128,127		128,64		191,64
[880]	8	0	0	191,64		191,127		128,127
[881]	8	0	0	128,127		128,64		191,64
[882]	8	0	0	63,128		63,191		0,191
[883]	8	0	0	0,191		0,128		63,128
[884]	8	0	0	0,127		0,64		63,64
[885]	8	0	0	63,128		63,191		0,191
[886]	8	0	0	63,64		63,127		0,127
[887]	8	0	0	0,127		0,64		63,64
[888]	10	0	0	255,255		192,255		255,192
[889]	10	0	0	255,255		192,255		255,192
[890]	10	0	0	255,255		192,255		255,192
[891]	10	0	0	192,192		255,192		192,255
[892]	10	0	0	255,192		255,255		192,255
[893]	10	0	0	192,192		255,192		192,255
[894]	10	0	0	255,192		255,255		192,255
[895]	10	0	0	192,192		255,192		192,255
[896]	10	0	0	255,192		255,255		192,255
[897]	8	0	0	64,64		127,64		64,127
[898]	8	0	0	64,64		127,64		64,127
[899]	8	0	0	64,64		127,64		64,127
[900]	11	0	0	192,64		192,95		223,64
[901]	11	0	0	223,64		192,95		223,95
[902]	11	0	0	192,64		192,95		223,64
[903]	11	0	0	223,64		192,95		223,95
[904]	11	0	0	192,64		192,95		223,64
[905]	11	0	0	192,64		223,64		192,95
[906]	11	0	0	192,95		192,64		223,64
[907]	11	0	0	223,95		192,95		223,64
[908]	11	0	0	192,95		192,64		223,64
[909]	11	0	0	223,95		192,95		223,64
[910]	11	0	0	128,254		128,212		141,212
[911]	11	0	0	141,212		142,254		128,254
[912]	11	0	0	142,254		141,212		153,212
[913]	11	0	0	153,212		154,254		142,254
[914]	11	0	0	154,254		153,212		165,212
[915]	11	0	0	165,212		165,254		154,254
[916]	11	0	0	165,254		165,212		177,212
[917]	11	0	0	177,212		176,254		165,254
[918]	11	0	0	176,254		177,212		190,212
[919]	11	0	0	190,212		190,254		176,254
[920]	11	0	0	141,212		128,212		159,192
[921]	11	0	0	153,212		141,212		159,192
[922]	11	0	0	177,212		165,212		159,192
[923]	11	0	0	190,212		177,212		159,192
[924]	11	0	0	191,192		191,255		128,255
[925]	8	0	0	63,128		63,191		0,191
[926]	10	0	0	128,255		128,192		191,192
[927]	10	0	0	191,192		191,255		128,255
[928]	8	0	0	191,63		128,63		128,0
[929]	10	0	0	191,192		191,255		128,255
[930]	10	0	0	128,255		128,192		191,192
[931]	8	0	0	191,64		191,127		128,127
[932]	8	0	0	64,191		64,128		127,128
[933]	8	0	0	127,128		127,191		64,191
[934]	8	0	0	63,64		63,127		0,127
[935]	8	0	0	191,0		191,63		128,63
[936]	8	0	0	128,127		128,64		191,64
[937]	8	0	0	0,191		0,128		63,128
[938]	8	0	0	63,64		63,127		0,127
[939]	8	0	0	128,63		128,0		191,0
[940]	8	0	0	128,0		191,0		191,63
[941]	8	0	0	63,64		63,127		0,127
[942]	8	0	0	0,127		0,64		63,64
[943]	8	0	0	63,64		63,127		0,127
[944]	8	0	0	0,127		0,64		63,64
[945]	8	0	0	63,64		63,127		0,127
[946]	8	0	0	0,127		0,64		63,64
[947]	8	0	0	0,191		0,128		63,128
[948]	8	0	0	0,64		63,64		63,127
[949]	8	0	0	63,127		0,127		0,64
[950]	8	0	0	0,111		48,64		48,111
[951]	8	0	0	0,95		31,64		63,95
[952]	8	0	0	0,127		0,64		63,64
[953]	8	0	0	63,64		63,127		0,127
[954]	8	0	0	63,64		63,127		0,127
[955]	10	0	0	127,192		127,255		64,255
[956]	10	0	0	64,255		64,192		127,192
[957]	10	0	0	191,0		191,63		128,63
[958]	10	0	0	128,63		128,0		191,0
[959]	10	0	0	191,0		191,63		128,63
[960]	10	0	0	128,63		128,0		191,0
[961]	8	0	0	0,127		0,64		63,64
[962]	8	0	0	63,64		63,127		0,127
[963]	8	0	0	0,127		0,64		63,64
[964]	8	0	0	63,64		63,127		0,127
[965]	10	0	0	127,192		127,255		64,255
[966]	10	0	0	64,255		64,192		127,192
[967]	8	0	0	63,128		63,191		0,191
[968]	8	0	0	0,191		0,128		63,128
[969]	8	0	0	191,192		191,255		128,255
[970]	8	0	0	128,255		128,192		191,192
[971]	8	0	0	63,128		63,191		0,191
[972]	8	0	0	0,191		0,128		63,128
[973]	8	0	0	63,128		63,191		0,191
[974]	8	0	0	0,191		0,128		63,128
[975]	8	0	0	0,127		0,64		63,64
[976]	8	0	0	63,64		63,127		0,127
[977]	8	0	0	0,127		0,64		63,64
[978]	8	0	0	63,64		63,127		0,127
[979]	8	0	0	0,127		0,64		63,64
[980]	8	0	0	63,128		63,191		0,191
[981]	8	0	0	0,191		0,128		63,128
[982]	8	0	0	128,0		191,0		191,63
[983]	8	0	0	63,128		63,191		0,191
[984]	8	0	0	0,191		0,128		63,128
[985]	8	0	0	63,64		63,127		0,127
[986]	8	0	0	0,127		0,64		63,64
[987]	8	0	0	63,64		63,127		0,127
[988]	8	0	0	0,127		0,64		63,64
[989]	11	0	0	63,192		63,255		0,255
[990]	11	0	0	0,255		0,192		63,192
[991]	8	0	0	63,128		63,191		0,191
[992]	8	0	0	0,191		0,128		63,128
[993]	8	0	0	0,127		0,64		63,64
[994]	8	0	0	63,64		63,127		0,127
[995]	8	0	0	0,127		0,64		63,64
[996]	11	0	0	127,128		127,191		64,191
[997]	11	0	0	64,191		64,128		127,128
[998]	8	0	0	127,128		127,191		64,191
[999]	8	0	0	64,191		64,128		127,128
[1000]	8	0	0	128,63		128,0		191,0
[1001]	10	0	0	192,64		255,64		255,127
[1002]	11	0	0	127,192		127,255		64,255
[1003]	11	0	0	64,255		64,192		127,192
[1004]	10	0	0	191,192		191,255		128,255
[1005]	10	0	0	128,255		128,192		191,192
[1006]	9	0	0	191,0		128,63		191,63
[1007]	9	0	0	128,63		191,0		128,0
[1008]	9	0	0	191,0		128,63		191,63
[1009]	9	0	0	128,63		191,0		128,0
[1010]	9	0	0	191,0		128,63		191,63
[1011]	9	0	0	128,63		191,0		128,0
[1012]	9	0	0	191,0		128,63		191,63
[1013]	9	0	0	128,63		191,0		128,0
[1014]	9	0	0	191,0		128,63		191,63
[1015]	9	0	0	128,63		191,0		128,0
[1016]	9	0	0	191,0		128,63		191,63
[1017]	9	0	0	128,63		191,0		128,0
[1018]	11	0	0	64,63		64,0		127,0
[1019]	11	0	0	127,0		127,63		64,63
[1020]	11	0	0	63,192		63,255		0,255
[1021]	11	0	0	0,255		0,192		63,192
[1022]	8	0	0	0,191		0,128		63,128
[1023]	11	0	0	64,255		64,192		127,192
[1024]	11	0	0	127,192		127,255		64,255
[1025]	11	0	0	127,128		127,191		64,191
[1026]	11	0	0	64,191		64,128		127,128
[1027]	10	0	0	192,127		192,64		255,64
[1028]	10	0	0	255,64		255,127		192,127
[1029]	10	0	0	255,127		192,127		192,64
[1030]	11	0	0	127,192		127,255		64,255
[1031]	11	0	0	64,255		64,192		127,192
[1032]	10	0	0	192,63		192,0		255,0
[1033]	10	0	0	255,0		255,63		192,63
[1034]	10	0	0	255,0		255,63		192,63
[1035]	10	0	0	192,63		192,0		255,0
[1036]	10	0	0	192,64		255,64		255,127
[1037]	11	0	0	127,128		127,191		64,191
[1038]	11	0	0	64,191		64,128		127,128
[1039]	11	0	0	127,192		127,255		64,255
[1040]	11	0	0	64,255		64,192		127,192
[1041]	11	0	0	127,64		127,127		64,127
[1042]	11	0	0	64,127		64,64		127,64
[1043]	11	0	0	63,192		63,255		0,255
[1044]	11	0	0	0,255		0,192		63,192
[1045]	11	0	0	127,192		127,255		64,255
[1046]	11	0	0	64,255		64,192		127,192
[1047]	11	0	0	0,191		0,128		63,128
[1048]	11	0	0	0,255		0,192		63,192
[1049]	9	0	0	191,64		128,127		191,127
[1050]	9	0	0	128,127		191,64		128,64
[1051]	9	0	0	191,64		128,127		191,127
[1052]	9	0	0	128,127		191,64		128,64
[1053]	9	0	0	191,64		128,127		191,127
[1054]	9	0	0	128,127		191,64		128,64
[1055]	9	0	0	191,64		128,127		191,127
[1056]	9	0	0	128,127		191,64		128,64
[1057]	9	0	0	191,64		128,127		191,127
[1058]	9	0	0	128,127		191,64		128,64
[1059]	9	0	0	191,64		128,127		191,127
[1060]	9	0	0	128,127		191,64		128,64
[1061]	9	0	0	127,192		64,255		127,255
[1062]	9	0	0	64,255		127,192		64,192
[1063]	9	0	0	127,192		64,255		127,255
[1064]	9	0	0	64,255		127,192		64,192
[1065]	9	0	0	127,192		64,255		127,255
[1066]	9	0	0	64,255		127,192		64,192
[1067]	9	0	0	127,192		64,255		127,255
[1068]	9	0	0	64,255		127,192		64,192
[1069]	9	0	0	127,192		64,255		127,255
[1070]	9	0	0	64,255		127,192		64,192
[1071]	9	0	0	127,192		64,255		127,255
[1072]	9	0	0	64,255		127,192		64,192
[1073]	9	0	0	128,127		191,64		128,64
[1074]	9	0	0	191,64		128,127		191,127
[1075]	9	0	0	128,127		191,64		128,64
[1076]	9	0	0	191,0		128,63		191,63
[1077]	9	0	0	191,0		128,63		191,63
[1078]	9	0	0	191,64		128,127		191,127
[1079]	9	0	0	128,127		191,64		128,64
[1080]	9	0	0	191,64		128,127		191,127
[1081]	9	0	0	128,127		191,64		128,64
[1082]	9	0	0	191,0		128,63		191,63
[1083]	9	0	0	191,0		128,63		191,63
[1084]	9	0	0	191,64		128,127		191,127
[1085]	9	0	0	191,64		128,127		191,127
[1086]	9	0	0	128,127		191,64		128,64
[1087]	9	0	0	191,0		128,63		191,63
[1088]	9	0	0	191,64		128,127		191,127
[1089]	9	0	0	128,127		191,64		128,64
[1090]	9	0	0	191,0		128,63		191,63
