[0]	11	0	0	63,0		63,63		0,63
[1]	11	0	0	0,63		0,0		63,0
[2]	11	0	0	63,64		63,127		0,127
[3]	11	0	0	0,127		0,64		63,64
[4]	10	0	0	192,223		255,160		192,160
[5]	11	0	0	63,64		0,127		63,127
[6]	11	0	0	0,127		63,64		0,64
[7]	10	0	1	127,64		64,95		127,95
[8]	10	0	1	64,95		127,64		64,64
[9]	10	0	1	64,63		127,32		64,32
[10]	10	0	0	255,160		192,223		255,223
[11]	10	0	0	255,96		192,159		255,159
[12]	10	0	0	192,159		255,96		192,96
[13]	11	0	0	63,0		0,63		63,63
[14]	11	0	0	0,63		63,0		0,0
[15]	8	0	0	255,255		192,192		192,255
[16]	8	0	0	192,192		255,255		255,192
[17]	9	0	0	63,63		0,0		0,63
[18]	9	0	0	0,0		63,63		63,0
[19]	8	0	0	255,255		192,255		192,192
[20]	8	0	0	192,192		255,192		255,255
[21]	9	0	0	63,63		0,63		0,0
[22]	9	0	0	0,0		63,0		63,63
[23]	9	0	1	127,224		64,255		127,255
[24]	9	0	1	64,255		127,224		64,224
[25]	10	0	1	64,31		127,0		64,0
[26]	10	0	1	127,32		64,63		127,63
[27]	10	0	1	64,63		127,32		64,32
[28]	11	0	0	63,64		63,127		0,127
[29]	11	0	0	0,127		0,64		63,64
[30]	10	0	0	255,96		192,159		255,159
[31]	10	0	0	192,159		255,96		192,96
[32]	11	0	0	63,64		0,127		63,127
[33]	11	0	0	0,127		63,64		0,64
[34]	11	0	0	63,64		0,127		63,127
[35]	11	0	0	0,127		63,64		0,64
[36]	10	0	1	64,0		127,31		64,31
[37]	10	0	1	127,0		127,31		64,0
[38]	9	0	1	64,224		127,255		64,255
[39]	9	0	1	127,224		127,255		64,224
[40]	10	0	1	127,64		64,95		127,95
[41]	10	0	1	127,32		64,63		127,63
[42]	10	0	1	64,63		127,32		64,32
[43]	11	0	0	63,0		63,63		0,63
[44]	11	0	0	0,63		0,0		63,0
[45]	10	0	0	255,160		192,223		255,223
[46]	10	0	0	192,223		255,160		192,160
[47]	10	0	1	127,0		64,31		127,31
[48]	9	0	1	64,255		127,224		64,224
[49]	10	0	1	127,32		64,63		127,63
[50]	10	0	1	127,64		127,95		64,95
[51]	10	0	1	64,95		64,64		127,64
[52]	10	0	0	128,96		191,159		128,159
[53]	10	0	0	191,96		191,159		128,96
[54]	10	0	0	128,96		191,159		128,159
[55]	10	0	0	191,96		191,159		128,96
[56]	10	0	0	255,160		255,223		192,223
[57]	10	0	0	192,223		192,160		255,160
[58]	11	0	0	63,64		63,127		0,127
[59]	11	0	0	0,127		0,64		63,64
[60]	11	0	0	63,0		63,63		0,63
[61]	11	0	0	0,63		0,0		63,0
[62]	9	0	1	64,255		64,224		127,224
[63]	10	0	1	127,32		127,63		64,63
[64]	10	0	1	64,63		64,32		127,32
[65]	11	0	0	63,64		63,127		0,127
[66]	11	0	0	0,127		0,64		63,64
[67]	10	0	0	255,96		255,159		192,159
[68]	10	0	0	192,159		192,96		255,96
[69]	11	0	0	63,64		63,127		0,127
[70]	11	0	0	0,127		0,64		63,64
[71]	10	0	1	127,64		127,95		64,95
[72]	10	0	1	64,95		64,64		127,64
[73]	11	0	0	63,0		63,63		0,63
[74]	11	0	0	0,63		0,0		63,0
[75]	10	0	0	255,160		255,223		192,223
[76]	10	0	0	192,223		192,160		255,160
[77]	11	0	0	63,64		63,127		0,127
[78]	8	0	0	255,255		192,192		192,255
[79]	8	0	0	192,192		255,255		255,192
[80]	9	0	0	63,63		0,0		0,63
[81]	9	0	0	0,0		63,63		63,0
[82]	8	0	0	255,255		192,255		192,192
[83]	8	0	0	192,192		255,192		255,255
[84]	9	0	0	63,63		0,63		0,0
[85]	9	0	0	0,0		63,0		63,63
[86]	9	0	1	127,224		64,255		127,255
[87]	9	0	1	127,224		127,255		64,255
[88]	10	0	1	127,0		127,31		64,31
[89]	10	0	1	64,31		64,0		127,0
[90]	10	0	1	127,0		127,31		64,31
[91]	10	0	1	64,31		64,0		127,0
[92]	10	0	1	127,64		127,95		64,95
[93]	10	0	0	128,96		191,159		128,159
[94]	10	0	0	191,96		191,159		128,96
[95]	9	0	1	127,224		127,255		64,255
[96]	9	0	1	64,255		64,224		127,224
[97]	9	0	1	127,224		127,255		64,255
[98]	10	0	0	128,96		191,159		128,159
[99]	10	0	0	191,96		191,159		128,96
[100]	10	0	0	128,96		191,159		128,159
[101]	10	0	0	191,96		191,159		128,96
[102]	10	0	0	128,96		191,159		128,159
[103]	10	0	0	191,96		191,159		128,96
[104]	10	0	0	128,96		191,159		128,159
[105]	10	0	0	191,96		191,159		128,96
[106]	10	0	0	128,96		191,159		128,159
[107]	10	0	0	191,96		191,159		128,96
[108]	9	0	1	127,224		64,255		127,255
[109]	9	0	1	64,255		127,224		64,224
[110]	10	0	1	127,32		64,63		127,63
[111]	10	0	1	64,63		127,32		64,32
[112]	10	0	0	128,96		191,159		128,159
[113]	10	0	0	191,96		191,159		128,96
[114]	10	0	0	191,96		191,159		128,96
[115]	10	0	1	64,95		127,64		64,64
[116]	10	0	0	255,160		192,223		255,223
[117]	10	0	0	192,223		255,160		192,160
[118]	11	0	0	63,64		0,127		63,127
[119]	10	0	0	255,96		192,159		255,159
[120]	10	0	0	192,159		255,96		192,96
[121]	11	0	0	63,0		0,63		63,63
[122]	11	0	0	0,63		63,0		0,0
[123]	10	0	0	128,96		191,159		128,159
[124]	10	0	0	191,96		191,159		128,96
[125]	10	0	0	128,96		191,159		128,159
[126]	10	0	0	191,96		191,159		128,96
[127]	10	0	0	128,96		191,159		128,159
[128]	10	0	0	128,96		191,159		128,159
[129]	10	0	0	191,96		191,159		128,96
[130]	10	0	0	128,96		191,159		128,159
[131]	10	0	0	191,96		191,159		128,96
[132]	10	0	0	128,96		191,159		128,159
[133]	10	0	0	191,96		191,159		128,96
[134]	10	0	1	127,64		64,95		127,95
[135]	10	0	1	64,95		127,64		64,64
[136]	10	0	0	255,160		192,223		255,223
[137]	10	0	0	192,223		255,160		192,160
[138]	10	0	0	255,96		192,159		255,159
[139]	10	0	0	192,159		255,96		192,96
[140]	11	0	0	63,64		0,127		63,127
[141]	11	0	0	0,127		63,64		0,64
[142]	11	0	0	63,0		0,63		63,63
[143]	11	0	0	0,63		63,0		0,0
[144]	11	0	0	0,127		63,64		0,64
[145]	9	0	1	127,224		64,255		127,255
[146]	9	0	1	64,255		127,224		64,224
[147]	10	0	1	127,0		64,31		127,31
[148]	10	0	1	64,31		127,0		64,0
[149]	10	0	1	127,32		64,63		127,63
[150]	10	0	1	64,63		127,32		64,32
[151]	10	0	1	127,64		64,95		127,95
[152]	8	0	0	255,255		192,192		192,255
[153]	8	0	0	192,192		255,255		255,192
[154]	9	0	0	63,63		0,0		0,63
[155]	9	0	0	0,0		63,63		63,0
[156]	8	0	0	255,255		192,255		192,192
[157]	8	0	0	192,192		255,192		255,255
[158]	9	0	0	63,63		0,63		0,0
[159]	9	0	0	0,0		63,0		63,63
[160]	10	0	1	127,0		64,31		127,31
[161]	10	0	1	64,31		127,0		64,0
[162]	10	0	0	191,96		191,159		128,96
[163]	9	0	1	127,224		64,255		127,255
[164]	9	0	1	64,255		127,224		64,224
[165]	10	0	1	127,32		64,63		127,63
[166]	10	0	1	64,95		127,64		64,64
[167]	11	0	0	63,0		63,63		0,63
[168]	11	0	0	0,63		0,0		63,0
[169]	11	0	0	63,64		63,127		0,127
[170]	11	0	0	0,127		0,64		63,64
[171]	10	0	0	255,96		192,159		255,159
[172]	10	0	0	192,159		255,96		192,96
[173]	11	0	0	63,0		0,63		63,63
[174]	11	0	0	0,63		63,0		0,0
[175]	10	0	1	64,63		127,32		64,32
[176]	11	0	0	63,0		63,63		0,63
[177]	11	0	0	0,63		0,0		63,0
[178]	11	0	0	63,64		63,127		0,127
[179]	11	0	0	0,127		0,64		63,64
[180]	10	0	0	255,160		192,223		255,223
[181]	10	0	0	192,223		255,160		192,160
[182]	11	0	0	63,64		0,127		63,127
[183]	11	0	0	0,127		63,64		0,64
[184]	10	0	1	127,0		64,31		127,31
[185]	10	0	1	64,31		127,0		64,0
[186]	10	0	1	127,64		64,95		127,95
[187]	10	0	1	64,95		127,64		64,64
[188]	10	0	0	128,96		191,159		128,159
[189]	10	0	0	191,96		191,159		128,96
[190]	10	0	0	191,96		191,159		128,96
[191]	10	0	0	128,96		191,159		128,159
[192]	10	0	0	128,96		191,159		128,159
[193]	10	0	0	191,96		191,159		128,96
[194]	10	0	0	255,160		192,223		255,223
[195]	10	0	0	192,223		255,160		192,160
[196]	11	0	0	63,64		0,127		63,127
[197]	11	0	0	0,127		63,64		0,64
[198]	10	0	0	128,96		191,159		128,159
[199]	10	0	0	191,96		191,159		128,96
[200]	10	0	0	128,96		191,159		128,159
[201]	10	0	0	128,96		191,159		128,159
[202]	10	0	0	191,96		191,159		128,96
[203]	10	0	0	128,96		191,159		128,159
[204]	10	0	0	191,96		191,159		128,96
[205]	9	0	1	127,224		64,255		127,255
[206]	9	0	1	64,255		127,224		64,224
[207]	10	0	0	191,96		191,159		128,96
[208]	10	0	0	128,96		191,159		128,159
[209]	10	0	0	191,96		191,159		128,96
[210]	10	0	0	128,96		191,159		128,159
[211]	10	0	0	191,96		191,159		128,96
[212]	10	0	0	191,96		191,159		128,96
[213]	8	0	0	255,255		192,192		192,255
[214]	8	0	0	192,192		255,255		255,192
[215]	9	0	0	63,63		0,0		0,63
[216]	9	0	0	0,0		63,63		63,0
[217]	8	0	0	255,255		192,255		192,192
[218]	8	0	0	192,192		255,192		255,255
[219]	9	0	0	63,63		0,63		0,0
[220]	9	0	0	0,0		63,0		63,63
[221]	10	0	1	127,32		64,63		127,63
[222]	10	0	1	64,63		127,32		64,32
[223]	10	0	1	127,0		64,31		127,31
[224]	10	0	1	64,31		127,0		64,0
[225]	11	0	0	63,64		63,127		0,127
[226]	11	0	0	0,127		0,64		63,64
[227]	10	0	0	255,160		192,223		255,223
[228]	10	0	0	192,223		255,160		192,160
[229]	11	0	0	63,64		0,127		63,127
[230]	11	0	0	0,127		63,64		0,64
[231]	10	0	1	127,0		64,31		127,31
[232]	10	0	1	64,31		127,0		64,0
[233]	10	0	1	127,64		64,95		127,95
[234]	10	0	1	64,95		127,64		64,64
[235]	11	0	0	63,0		63,63		0,63
[236]	11	0	0	0,63		0,0		63,0
[237]	10	0	0	255,96		192,159		255,159
[238]	10	0	0	192,159		255,96		192,96
[239]	11	0	0	63,64		0,127		63,127
[240]	11	0	0	0,127		63,64		0,64
[241]	10	0	1	127,32		64,63		127,63
[242]	10	0	1	64,63		127,32		64,32
[243]	11	0	0	63,64		63,127		0,127
[244]	11	0	0	0,127		0,64		63,64
[245]	10	0	0	255,160		192,223		255,223
[246]	10	0	0	192,223		255,160		192,160
[247]	11	0	0	63,0		0,63		63,63
[248]	11	0	0	0,63		63,0		0,0
[249]	9	0	1	64,255		64,224		127,224
[250]	9	0	1	127,224		127,255		64,255
[251]	10	0	1	127,0		127,31		64,31
[252]	10	0	1	64,31		64,0		127,0
[253]	10	0	1	127,32		127,63		64,63
[254]	10	0	1	64,95		64,64		127,64
[255]	11	0	0	63,64		63,127		0,127
[256]	11	0	0	0,127		0,64		63,64
[257]	10	0	0	255,160		255,223		192,223
[258]	10	0	0	192,223		192,160		255,160
[259]	11	0	0	63,64		63,127		0,127
[260]	11	0	0	0,127		0,64		63,64
[261]	10	0	0	128,96		191,159		128,159
[262]	10	0	0	191,96		191,159		128,96
[263]	10	0	1	127,0		64,31		127,31
[264]	10	0	1	64,31		127,0		64,0
[265]	10	0	1	127,64		64,95		127,95
[266]	10	0	1	64,95		127,64		64,64
[267]	10	0	0	128,96		191,159		128,159
[268]	10	0	0	191,96		191,159		128,96
[269]	10	0	0	128,96		191,159		128,159
[270]	10	0	0	128,96		191,159		128,159
[271]	10	0	0	191,96		191,159		128,96
[272]	11	0	0	63,0		63,63		0,63
[273]	11	0	0	0,63		0,0		63,0
[274]	10	0	0	255,96		192,159		255,159
[275]	10	0	0	192,159		255,96		192,96
[276]	11	0	0	63,64		0,127		63,127
[277]	11	0	0	0,127		63,64		0,64
[278]	10	0	1	64,64		127,64		64,95
[279]	10	0	0	255,160		255,223		192,223
[280]	10	0	0	192,223		192,160		255,160
[281]	11	0	0	63,64		63,127		0,127
[282]	11	0	0	0,127		0,64		63,64
[283]	11	0	0	0,127		0,64		63,64
[284]	10	0	1	127,63		127,32		64,32
[285]	10	0	1	64,32		64,63		127,63
[286]	10	0	0	255,160		255,223		192,223
[287]	10	0	0	192,223		192,160		255,160
[288]	11	0	0	63,64		63,127		0,127
[289]	11	0	0	0,127		0,64		63,64
[290]	11	0	0	0,127		0,64		63,64
[291]	9	0	0	63,63		0,63		0,0
[292]	9	0	0	0,0		63,0		63,63
[293]	9	0	0	63,63		0,0		0,63
[294]	9	0	0	0,0		63,63		63,0
[295]	10	0	0	255,160		255,223		192,223
[296]	10	0	0	192,223		192,160		255,160
[297]	11	0	0	63,64		63,127		0,127
[298]	8	0	0	255,255		192,255		192,192
[299]	8	0	0	192,192		255,192		255,255
[300]	9	0	0	63,63		0,63		0,0
[301]	9	0	0	0,0		63,0		63,63
[302]	8	0	0	255,255		192,192		192,255
[303]	8	0	0	192,192		255,255		255,192
[304]	9	0	0	63,63		0,0		0,63
[305]	9	0	0	0,0		63,63		63,0
[306]	8	0	0	255,255		192,255		192,192
[307]	8	0	0	192,192		255,192		255,255
[308]	8	0	0	255,255		192,192		192,255
[309]	8	0	0	192,192		255,255		255,192
[310]	10	0	1	127,95		127,64		64,64
[311]	10	0	1	64,64		64,95		127,95
[312]	10	0	1	127,64		127,95		64,64
[313]	10	0	1	127,64		64,95		64,64
[314]	10	0	1	127,95		64,64		127,64
[315]	10	0	1	127,32		127,63		64,63
[316]	10	0	1	64,63		64,32		127,32
[317]	10	0	1	127,64		127,95		64,95
[318]	10	0	1	64,95		64,64		127,64
[319]	10	0	1	64,63		64,32		127,32
[320]	9	0	1	64,255		64,224		127,224
[321]	10	0	1	127,32		127,63		64,63
[322]	10	0	1	127,64		127,95		64,95
[323]	10	0	1	64,95		64,64		127,64
[324]	10	0	0	255,160		255,223		192,223
[325]	10	0	0	192,223		192,160		255,160
[326]	8	0	0	255,255		192,192		192,255
[327]	8	0	0	192,192		255,255		255,192
[328]	8	0	0	255,255		192,255		192,192
[329]	8	0	0	192,192		255,192		255,255
[330]	11	0	0	63,0		63,63		0,63
[331]	10	0	0	255,160		255,223		192,223
[332]	10	0	0	192,223		192,160		255,160
[333]	11	0	0	63,64		63,127		0,127
[334]	11	0	0	0,127		0,64		63,64
[335]	11	0	0	63,64		63,127		0,127
[336]	11	0	0	0,127		0,64		63,64
[337]	9	0	0	63,63		0,0		0,63
[338]	9	0	0	0,0		63,63		63,0
[339]	9	0	0	63,63		0,63		0,0
[340]	9	0	0	0,0		63,0		63,63
[341]	11	0	0	0,63		0,0		63,0
[342]	10	0	0	255,160		255,223		192,223
[343]	10	0	0	192,223		192,160		255,160
[344]	11	0	0	63,64		63,127		0,127
[345]	11	0	0	0,127		0,64		63,64
[346]	10	0	1	127,0		127,31		64,31
[347]	10	0	1	64,31		64,0		127,0
[348]	10	0	1	127,64		127,95		64,95
[349]	10	0	1	64,63		64,32		127,32
[350]	11	0	0	63,0		63,63		0,63
[351]	11	0	0	0,63		0,0		63,0
[352]	10	0	0	255,160		255,223		192,223
[353]	10	0	0	192,223		192,160		255,160
[354]	10	0	0	255,96		255,159		192,159
[355]	10	0	0	192,159		192,96		255,96
[356]	11	0	0	63,64		63,127		0,127
[357]	11	0	0	0,127		0,64		63,64
[358]	9	0	1	127,224		127,255		64,255
[359]	10	0	0	128,96		191,159		128,159
[360]	10	0	0	191,96		191,159		128,96
[361]	10	0	1	127,0		127,31		64,31
[362]	10	0	1	64,31		64,0		127,0
[363]	9	0	1	64,255		64,224		127,224
[364]	10	0	1	127,64		127,95		64,95
[365]	10	0	1	64,95		64,64		127,64
[366]	10	0	1	127,32		127,63		64,63
[367]	10	0	1	64,95		64,64		127,64
[368]	10	0	0	255,160		255,223		192,223
[369]	10	0	0	192,223		192,160		255,160
[370]	11	0	0	63,64		63,127		0,127
[371]	11	0	0	0,127		0,64		63,64
[372]	10	0	1	64,63		64,32		127,32
[373]	11	0	0	63,64		63,127		0,127
[374]	11	0	0	0,127		0,64		63,64
[375]	10	0	0	255,96		255,159		192,159
[376]	10	0	0	192,159		192,96		255,96
[377]	11	0	0	63,0		63,63		0,63
[378]	11	0	0	0,63		0,0		63,0
[379]	10	0	1	127,0		64,31		127,31
[380]	10	0	1	64,31		127,0		64,0
[381]	10	0	1	127,64		64,95		127,95
[382]	10	0	1	64,95		127,64		64,64
[383]	10	0	0	128,96		191,159		128,159
[384]	10	0	0	191,96		191,159		128,96
[385]	11	0	0	63,0		63,63		0,63
[386]	11	0	0	0,63		0,0		63,0
[387]	10	0	0	255,160		192,223		255,223
[388]	10	0	0	192,223		255,160		192,160
[389]	11	0	0	63,64		0,127		63,127
[390]	11	0	0	0,127		63,64		0,64
[391]	9	0	1	127,224		64,255		127,255
[392]	9	0	1	64,255		127,224		64,224
[393]	10	0	1	127,32		64,63		127,63
[394]	10	0	1	64,63		127,32		64,32
[395]	10	0	0	255,160		192,223		255,223
[396]	10	0	0	192,223		255,160		192,160
[397]	11	0	0	63,0		0,63		63,63
[398]	11	0	0	0,63		63,0		0,0
[399]	8	0	0	255,255		192,192		192,255
[400]	8	0	0	192,192		255,255		255,192
[401]	9	0	0	63,63		0,0		0,63
[402]	9	0	0	0,0		63,63		63,0
[403]	8	0	0	255,255		192,255		192,192
[404]	8	0	0	192,192		255,192		255,255
[405]	9	0	0	63,63		0,63		0,0
[406]	9	0	0	0,0		63,0		63,63
[407]	11	0	0	63,64		63,127		0,127
[408]	11	0	0	0,127		0,64		63,64
[409]	10	0	1	127,63		127,32		64,32
[410]	10	0	1	64,32		64,63		127,63
[411]	10	0	1	127,32		127,63		64,63
[412]	10	0	1	64,63		64,32		127,32
[413]	10	0	0	255,160		255,223		192,223
[414]	10	0	0	192,223		192,160		255,160
[415]	11	0	0	63,64		63,127		0,127
[416]	11	0	0	0,127		0,64		63,64
[417]	10	0	0	255,160		255,223		192,223
[418]	10	0	0	192,223		192,160		255,160
[419]	11	0	0	63,64		63,127		0,127
[420]	11	0	0	0,127		0,64		63,64
[421]	10	0	0	255,160		255,223		192,223
[422]	10	0	0	192,223		192,160		255,160
[423]	11	0	0	63,64		63,127		0,127
[424]	11	0	0	0,127		0,64		63,64
[425]	10	0	1	127,95		127,64		64,64
[426]	10	0	1	64,64		64,95		127,95
[427]	10	0	1	64,32		64,63		127,63
[428]	10	0	1	127,64		127,95		64,95
[429]	10	0	1	64,95		64,64		127,64
[430]	10	0	1	127,32		127,63		64,63
[431]	10	0	1	64,63		64,32		127,32
[432]	10	0	0	255,160		255,223		192,223
[433]	10	0	0	192,223		192,160		255,160
[434]	10	0	0	255,160		255,223		192,223
[435]	10	0	0	192,223		192,160		255,160
[436]	11	0	0	63,64		63,127		0,127
[437]	11	0	0	0,127		0,64		63,64
[438]	8	0	0	255,255		192,192		192,255
[439]	8	0	0	192,192		255,255		255,192
[440]	9	0	0	63,63		0,0		0,63
[441]	9	0	0	0,0		63,63		63,0
[442]	8	0	0	255,255		192,255		192,192
[443]	8	0	0	192,192		255,192		255,255
[444]	9	0	0	63,63		0,63		0,0
[445]	9	0	0	0,0		63,0		63,63
[446]	10	0	1	127,63		127,32		64,32
[447]	10	0	1	64,64		64,95		127,95
[448]	10	0	1	127,64		127,95		64,95
[449]	10	0	1	64,95		64,64		127,64
[450]	10	0	0	255,160		255,223		192,223
[451]	10	0	0	192,223		192,160		255,160
[452]	11	0	0	63,64		63,127		0,127
[453]	11	0	0	0,127		0,64		63,64
[454]	11	0	0	63,64		63,127		0,127
[455]	11	0	0	0,127		0,64		63,64
[456]	10	0	0	255,160		255,223		192,223
[457]	10	0	0	192,223		192,160		255,160
[458]	11	0	0	63,64		63,127		0,127
[459]	11	0	0	0,127		0,64		63,64
[460]	10	0	0	255,160		255,223		192,223
[461]	10	0	0	192,223		192,160		255,160
[462]	10	0	0	255,160		255,223		192,223
[463]	10	0	0	192,223		192,160		255,160
[464]	11	0	0	63,64		63,127		0,127
[465]	11	0	0	0,127		0,64		63,64
[466]	11	0	0	63,64		63,127		0,127
[467]	11	0	0	0,127		0,64		63,64
[468]	8	0	0	255,255		192,255		192,192
[469]	8	0	0	192,192		255,192		255,255
[470]	9	0	0	63,63		0,63		0,0
[471]	9	0	0	0,0		63,0		63,63
[472]	8	0	0	255,255		192,192		192,255
[473]	8	0	0	192,192		255,255		255,192
[474]	9	0	0	63,63		0,0		0,63
[475]	9	0	0	0,0		63,63		63,0
[476]	10	0	1	127,95		127,64		64,64
[477]	10	0	1	127,63		127,32		64,32
[478]	10	0	1	64,32		64,63		127,63
[479]	10	0	1	127,32		127,63		64,63
[480]	10	0	1	64,63		64,32		127,32
[481]	10	0	0	255,160		255,223		192,223
[482]	10	0	0	192,223		192,160		255,160
[483]	11	0	0	63,64		63,127		0,127
[484]	11	0	0	0,127		0,64		63,64
[485]	10	0	0	128,96		191,96		128,159
[486]	10	0	0	128,96		191,159		128,159
[487]	10	0	0	191,96		191,159		128,96
[488]	10	0	0	128,96		191,159		128,159
[489]	10	0	0	191,96		191,159		128,96
[490]	10	0	1	127,95		127,64		64,64
[491]	10	0	1	64,64		64,95		127,95
[492]	10	0	1	127,64		127,95		64,95
[493]	10	0	1	64,95		64,64		127,64
[494]	10	0	0	255,160		255,223		192,223
[495]	10	0	0	192,223		192,160		255,160
[496]	11	0	0	63,64		63,127		0,127
[497]	11	0	0	0,127		0,64		63,64
[498]	10	0	0	255,160		255,223		192,223
[499]	10	0	0	192,223		192,160		255,160
[500]	11	0	0	63,64		63,127		0,127
[501]	11	0	0	0,127		0,64		63,64
[502]	12	0	0	191,255		128,255		128,192
[503]	12	0	0	128,192		191,192		191,255
[504]	12	0	0	190,0		190,62		128,62
[505]	12	0	0	128,62		128,0		190,0
[506]	9	0	0	255,0		255,63		192,63
[507]	9	0	0	192,63		192,0		255,0
[508]	14	0	0	159,80		159,111		128,111
[509]	14	0	0	128,111		128,80		159,80
[510]	12	0	0	191,128		191,191		128,191
[511]	12	0	0	128,191		128,128		191,128
[512]	12	0	0	128,128		128,191		191,191
[513]	12	0	0	191,191		191,128		128,128
[514]	12	0	0	191,64		191,126		129,126
[515]	12	0	0	129,126		129,64		191,64
[516]	12	0	0	139,64		139,126		191,126
[517]	12	0	0	191,126		191,64		139,64
[518]	9	0	0	255,0		255,63		192,63
[519]	9	0	0	192,63		192,0		255,0
[520]	9	0	0	255,0		255,63		192,63
[521]	9	0	0	192,63		192,0		255,0
[522]	14	0	0	159,80		159,111		128,111
[523]	14	0	0	128,111		128,80		159,80
[524]	14	0	0	159,80		159,111		128,111
[525]	14	0	0	128,111		128,80		159,80
[526]	12	0	0	191,192		128,192		128,255
[527]	12	0	0	128,255		191,255		191,192
[528]	12	0	0	128,0		128,63		191,63
[529]	12	0	0	191,63		191,0		128,0
[530]	14	0	0	159,80		159,111		128,111
[531]	14	0	0	128,111		128,80		159,80
[532]	9	0	0	255,0		255,63		192,63
[533]	9	0	0	192,63		192,0		255,0
[534]	12	0	0	255,0		255,63		192,63
[535]	12	0	0	192,63		192,0		255,0
[536]	12	0	0	139,64		139,127		191,127
[537]	12	0	0	191,127		191,64		139,64
[538]	14	0	0	159,80		159,111		128,111
[539]	14	0	0	128,111		128,80		159,80
[540]	9	0	0	255,0		255,63		192,63
[541]	9	0	0	192,63		192,0		255,0
[542]	12	0	0	191,192		128,192		128,255
[543]	12	0	0	128,255		191,255		191,192
[544]	12	0	0	128,0		128,63		191,63
[545]	12	0	0	191,63		191,0		128,0
[546]	9	0	0	255,0		255,63		192,63
[547]	9	0	0	192,63		192,0		255,0
[548]	12	0	0	191,255		128,255		128,192
[549]	12	0	0	128,192		191,192		191,255
[550]	12	0	0	128,0		128,63		191,63
[551]	12	0	0	191,63		191,0		128,0
[552]	14	0	0	159,80		159,111		128,111
[553]	14	0	0	128,111		128,80		159,80
[554]	14	0	0	159,80		159,111		128,111
[555]	14	0	0	128,111		128,80		159,80
[556]	9	0	0	255,0		255,63		192,63
[557]	9	0	0	192,63		192,0		255,0
[558]	11	0	1	63,159		0,128		63,128
[559]	11	0	1	0,159		0,128		63,159
[560]	10	0	1	64,255		64,224		127,255
[561]	10	0	1	127,224		127,255		64,255
[562]	9	0	0	191,159		128,96		191,96
[563]	9	0	0	128,159		128,96		191,159
[564]	11	0	0	63,0		0,63		63,63
[565]	11	0	0	0,63		63,0		0,0
[566]	11	0	1	63,159		0,159		63,128
[567]	10	0	0	191,96		128,159		128,96
[568]	10	0	1	127,32		64,63		127,63
[569]	10	0	1	64,63		127,32		64,32
[570]	10	0	0	255,96		192,159		255,159
[571]	10	0	0	192,159		255,96		192,96
[572]	11	0	0	63,0		0,63		63,63
[573]	11	0	0	0,63		63,0		0,0
[574]	10	0	0	255,96		192,159		255,159
[575]	10	0	0	192,159		255,96		192,96
[576]	10	0	0	191,160		191,223		128,223
[577]	10	0	0	128,223		128,160		191,160
[578]	11	0	1	0,159		63,128		63,159
[579]	10	0	1	127,64		64,95		127,95
[580]	10	0	1	64,95		127,64		64,64
[581]	10	0	1	127,32		64,63		127,63
[582]	10	0	1	64,63		127,32		64,32
[583]	10	0	0	255,160		192,223		255,223
[584]	10	0	0	192,223		255,160		192,160
[585]	11	0	0	63,64		0,127		63,127
[586]	11	0	0	0,127		63,64		0,64
[587]	10	0	0	191,160		191,223		128,223
[588]	10	0	0	128,223		128,160		191,160
[589]	11	0	1	63,159		0,128		63,128
[590]	11	0	1	0,159		0,128		63,159
[591]	10	0	0	128,96		191,159		128,159
[592]	10	0	0	191,96		191,159		128,96
[593]	10	0	0	128,96		191,159		128,159
[594]	10	0	0	191,96		191,159		128,96
[595]	10	0	1	64,224		127,255		64,255
[596]	10	0	1	127,224		127,255		64,224
[597]	10	0	1	127,32		64,63		127,63
[598]	10	0	1	64,63		127,32		64,32
[599]	10	0	0	255,96		192,159		255,159
[600]	10	0	0	192,159		255,96		192,96
[601]	11	0	0	63,64		0,127		63,127
[602]	11	0	0	0,127		63,64		0,64
[603]	10	0	0	191,160		191,223		128,223
[604]	10	0	0	128,223		128,160		191,160
[605]	10	0	0	191,160		191,223		128,223
[606]	10	0	0	128,223		128,160		191,160
[607]	11	0	1	0,128		63,159		0,159
[608]	11	0	1	63,159		0,159		63,128
[609]	9	0	0	191,223		128,160		191,160
[610]	9	0	0	128,223		128,160		191,223
[611]	10	0	1	64,255		127,224		127,255
[612]	10	0	1	64,255		64,224		127,255
[613]	9	0	0	191,159		128,96		191,96
[614]	9	0	0	128,159		128,96		191,159
[615]	10	0	1	64,224		127,255		64,255
[616]	10	0	1	127,224		127,255		64,224
[617]	11	0	1	0,128		63,159		0,159
[618]	11	0	1	63,128		63,159		0,128
[619]	9	0	0	191,159		128,96		191,96
[620]	9	0	0	128,159		128,96		191,159
[621]	9	0	0	191,223		128,160		191,160
[622]	9	0	0	128,223		128,160		191,223
[623]	10	0	0	191,160		191,223		128,223
[624]	10	0	0	128,223		128,160		191,160
[625]	10	0	1	127,255		64,224		127,224
[626]	10	0	1	64,255		64,224		127,255
[627]	11	0	1	63,159		0,128		63,128
[628]	11	0	1	0,159		0,128		63,159
[629]	10	0	1	64,255		127,224		127,255
[630]	10	0	1	64,255		64,224		127,255
[631]	11	0	1	63,159		0,159		63,128
[632]	11	0	1	63,159		0,159		0,128
[633]	10	0	1	127,255		64,224		127,224
[634]	10	0	1	64,255		64,224		127,255
[635]	11	0	1	63,159		0,128		63,128
[636]	11	0	1	0,159		0,128		63,159
[637]	10	0	0	128,96		191,159		128,159
[638]	10	0	0	191,96		191,159		128,96
[639]	10	0	0	128,96		191,159		128,159
[640]	10	0	0	191,96		191,159		128,96
[641]	10	0	0	128,96		191,159		128,159
[642]	10	0	0	191,96		191,159		128,96
[643]	10	0	0	128,96		191,159		128,159
[644]	10	0	0	191,96		191,159		128,96
[645]	10	0	0	191,160		191,223		128,223
[646]	10	0	0	128,223		128,160		191,160
[647]	10	0	0	191,160		191,223		128,223
[648]	10	0	0	128,223		128,160		191,160
[649]	10	0	1	127,64		127,95		64,95
[650]	10	0	1	64,95		64,64		127,64
[651]	10	0	1	127,224		64,255		64,224
[652]	10	0	1	127,255		64,255		127,224
[653]	11	0	1	63,128		0,159		0,128
[654]	11	0	1	63,159		0,159		63,128
[655]	10	0	0	255,160		255,223		192,223
[656]	10	0	0	192,223		192,160		255,160
[657]	11	0	0	63,64		63,127		0,127
[658]	11	0	0	0,127		0,64		63,64
[659]	10	0	1	127,64		127,95		64,95
[660]	10	0	1	64,95		64,64		127,64
[661]	11	0	1	0,159		63,128		63,159
[662]	11	0	1	0,128		63,128		0,159
[663]	10	0	1	64,255		127,224		127,255
[664]	10	0	1	64,224		127,224		64,255
[665]	10	0	0	255,160		255,223		192,223
[666]	10	0	0	192,223		192,160		255,160
[667]	11	0	0	63,64		63,127		0,127
[668]	11	0	0	0,127		0,64		63,64
[669]	10	0	0	128,96		191,159		128,159
[670]	10	0	0	191,96		191,159		128,96
[671]	10	0	0	128,96		191,159		128,159
[672]	10	0	0	191,96		191,159		128,96
[673]	10	0	0	191,96		191,159		128,96
[674]	10	0	0	128,96		191,159		128,159
[675]	10	0	0	191,96		191,159		128,96
[676]	10	0	1	127,64		127,95		64,95
[677]	10	0	1	127,32		127,63		64,63
[678]	10	0	1	64,63		64,32		127,32
[679]	10	0	0	128,96		191,159		128,159
[680]	10	0	1	127,32		127,63		64,63
[681]	10	0	1	64,63		64,32		127,32
[682]	10	0	1	64,95		64,64		127,64
[683]	10	0	0	255,96		255,159		192,159
[684]	10	0	0	192,159		192,96		255,96
[685]	10	0	0	255,160		255,223		192,223
[686]	10	0	0	192,223		192,160		255,160
[687]	11	0	0	63,0		63,63		0,63
[688]	11	0	0	0,63		0,0		63,0
[689]	11	0	0	63,64		63,127		0,127
[690]	11	0	0	0,127		0,64		63,64
[691]	10	0	0	255,96		255,159		192,159
[692]	10	0	0	192,159		192,96		255,96
[693]	11	0	0	63,0		63,63		0,63
[694]	11	0	0	0,63		0,0		63,0
[695]	11	0	0	63,64		63,127		0,127
[696]	11	0	0	0,127		0,64		63,64
[697]	9	0	1	127,224		64,255		127,255
[698]	9	0	1	64,255		127,224		64,224
[699]	9	0	1	127,224		64,255		127,255
[700]	11	0	1	0,128		63,159		0,159
[701]	11	0	1	63,128		63,159		0,128
[702]	9	0	0	191,223		128,160		191,160
[703]	9	0	0	128,223		128,160		191,223
[704]	10	0	1	127,32		64,63		127,63
[705]	10	0	1	64,63		127,32		64,32
[706]	10	0	0	255,96		192,159		255,159
[707]	10	0	0	192,159		255,96		192,96
[708]	11	0	0	63,0		0,63		63,63
[709]	11	0	0	0,63		63,0		0,0
[710]	11	0	1	63,159		0,128		63,128
[711]	11	0	1	0,159		0,128		63,159
[712]	10	0	0	128,96		191,159		128,159
[713]	10	0	0	191,96		191,159		128,96
[714]	10	0	1	127,0		127,31		64,31
[715]	10	0	1	64,31		64,0		127,0
[716]	10	0	0	128,96		191,159		128,159
[717]	10	0	0	191,96		191,159		128,96
[718]	9	0	1	127,224		127,255		64,255
[719]	9	0	1	64,255		64,224		127,224
[720]	10	0	1	127,0		127,31		64,31
[721]	10	0	1	64,31		64,0		127,0
[722]	10	0	1	127,64		127,95		64,95
[723]	10	0	1	64,95		64,64		127,64
[724]	10	0	0	191,96		191,159		128,96
[725]	10	0	0	255,160		255,223		192,223
[726]	10	0	0	192,223		192,160		255,160
[727]	11	0	0	63,64		63,127		0,127
[728]	11	0	0	0,127		0,64		63,64
[729]	11	0	0	63,64		63,127		0,127
[730]	11	0	0	0,127		0,64		63,64
[731]	11	0	0	63,0		63,63		0,63
[732]	11	0	0	0,63		0,0		63,0
[733]	10	0	1	64,63		127,32		64,32
[734]	10	0	0	255,96		192,159		255,159
[735]	10	0	0	192,159		255,96		192,96
[736]	10	0	0	255,160		192,223		255,223
[737]	10	0	0	192,223		255,160		192,160
[738]	11	0	0	63,64		0,127		63,127
[739]	11	0	0	0,127		63,64		0,64
[740]	11	0	0	63,64		0,127		63,127
[741]	11	0	0	0,127		63,64		0,64
[742]	11	0	0	63,0		63,63		0,63
[743]	11	0	0	0,63		0,0		63,0
[744]	10	0	1	127,64		64,95		127,95
[745]	10	0	1	64,95		127,64		64,64
[746]	10	0	0	255,96		192,159		255,159
[747]	10	0	0	192,159		255,96		192,96
[748]	11	0	0	63,0		0,63		63,63
[749]	11	0	0	0,63		63,0		0,0
[750]	10	0	0	255,160		255,223		192,223
[751]	10	0	0	192,223		192,160		255,160
[752]	11	0	0	63,64		63,127		0,127
[753]	11	0	0	0,127		0,64		63,64
[754]	10	0	0	255,160		255,223		192,223
[755]	10	0	0	192,223		192,160		255,160
[756]	11	0	0	63,64		63,127		0,127
[757]	11	0	0	0,127		0,64		63,64
[758]	10	0	1	127,32		64,63		127,63
[759]	10	0	1	64,63		127,32		64,32
[760]	10	0	0	255,160		192,223		255,223
[761]	10	0	0	192,223		255,160		192,160
[762]	11	0	0	63,64		0,127		63,127
[763]	11	0	0	0,127		63,64		0,64
[764]	10	0	1	127,64		64,95		127,95
[765]	10	0	1	64,95		127,64		64,64
[766]	10	0	0	255,96		192,159		255,159
[767]	10	0	0	192,159		255,96		192,96
[768]	11	0	0	63,0		0,63		63,63
[769]	11	0	0	0,63		63,0		0,0
[770]	10	0	1	127,32		64,63		127,63
[771]	10	0	1	64,63		127,32		64,32
[772]	10	0	0	255,160		192,223		255,223
[773]	10	0	0	192,223		255,160		192,160
[774]	11	0	0	63,64		0,127		63,127
[775]	11	0	0	0,127		63,64		0,64
[776]	10	0	1	127,0		64,31		127,31
[777]	10	0	1	64,31		127,0		64,0
[778]	9	0	1	127,224		64,255		127,255
[779]	9	0	1	64,255		127,224		64,224
[780]	10	0	1	127,0		64,31		127,31
[781]	10	0	1	64,31		127,0		64,0
[782]	9	0	1	127,224		64,255		127,255
[783]	9	0	1	64,255		127,224		64,224
[784]	9	0	1	64,255		127,224		64,224
[785]	10	0	1	127,32		64,63		127,63
[786]	10	0	1	127,64		64,95		127,95
[787]	10	0	1	64,95		127,64		64,64
[788]	9	0	1	127,224		64,255		127,255
[789]	10	0	1	127,0		64,31		127,31
[790]	10	0	1	64,31		127,0		64,0
[791]	10	0	0	128,96		191,159		128,159
[792]	10	0	0	191,96		191,159		128,96
[793]	10	0	0	128,96		191,159		128,159
[794]	10	0	0	191,96		191,159		128,96
[795]	11	0	1	0,128		63,159		0,159
[796]	11	0	1	63,128		63,159		0,128
[797]	10	0	1	64,224		127,255		64,255
[798]	10	0	1	127,224		127,255		64,224
[799]	10	0	1	64,224		127,255		64,255
[800]	10	0	1	127,224		127,255		64,224
[801]	9	0	0	191,159		128,96		191,96
[802]	9	0	0	128,159		128,96		191,159
[803]	9	0	0	191,223		128,160		191,160
[804]	9	0	0	128,223		128,160		191,223
[805]	13	0	0	63,240		63,255		0,255
[806]	13	0	0	0,255		0,240		63,240
[807]	10	0	0	127,192		127,255		64,255
[808]	10	0	0	64,255		64,192		127,192
[809]	13	0	0	0,192		47,239		0,239
[810]	13	0	0	47,239		0,192		47,192
[811]	13	0	0	63,240		63,255		0,255
[812]	13	0	0	0,255		0,240		63,240
[813]	10	0	0	64,255		64,192		127,192
[814]	10	0	0	127,192		127,255		64,255
[815]	13	0	0	47,239		0,192		47,192
[816]	13	0	0	0,192		47,239		0,239
[817]	13	0	0	255,0		255,31		208,31
[818]	13	0	0	208,31		208,0		255,0
[819]	13	0	0	0,192		47,239		0,239
[820]	13	0	0	47,239		0,192		47,192
[821]	9	0	0	191,96		128,96		191,159
[822]	9	0	0	128,96		191,96		191,159
[823]	10	0	0	128,96		191,159		128,159
[824]	10	0	0	191,96		191,159		128,96
[825]	11	0	1	0,128		63,159		0,159
[826]	11	0	1	63,128		63,159		0,128
[827]	8	0	0	192,159		223,159		223,191
[828]	8	0	0	192,159		223,191		192,191
[829]	9	0	0	255,0		255,63		192,63
[830]	13	0	0	63,240		63,255		0,255
[831]	13	0	0	63,240		63,255		0,255
[832]	10	0	0	127,192		127,255		64,255
[833]	10	0	0	64,255		64,192		127,192
[834]	9	0	0	255,0		255,63		192,63
[835]	9	0	0	192,63		192,0		255,0
[836]	13	0	0	0,192		47,239		0,239
[837]	13	0	0	47,239		0,192		47,192
[838]	13	0	0	47,239		0,192		47,192
[839]	13	0	0	0,192		47,239		0,239
[840]	10	0	0	64,255		64,192		127,192
[841]	10	0	0	127,192		127,255		64,255
[842]	13	0	0	0,192		47,239		0,239
[843]	13	0	0	47,239		0,192		47,192
[844]	8	0	0	255,128		255,191		192,191
[845]	8	0	0	192,191		192,128		255,128
[846]	13	0	0	255,0		255,31		208,31
[847]	13	0	0	208,31		208,0		255,0
[848]	10	0	0	128,96		191,159		128,159
[849]	10	0	0	191,96		191,159		128,96
[850]	10	0	0	128,96		191,159		128,159
[851]	10	0	0	191,96		191,159		128,96
[852]	10	0	1	64,224		127,255		64,255
[853]	10	0	1	127,224		127,255		64,224
[854]	11	0	1	0,128		63,159		0,159
[855]	11	0	1	63,128		63,159		0,128
[856]	8	0	0	223,191		223,159		255,191
[857]	8	0	0	223,159		255,159		255,191
[858]	9	0	0	192,63		192,0		255,0
[859]	13	0	0	63,240		63,255		0,255
[860]	13	0	0	0,255		0,240		63,240
[861]	13	0	0	63,240		63,255		0,255
[862]	13	0	0	0,255		0,240		63,240
[863]	8	0	0	192,159		223,159		223,191
[864]	8	0	0	192,159		223,191		192,191
[865]	9	0	0	255,0		255,63		192,63
[866]	9	0	0	192,63		192,0		255,0
[867]	13	0	0	0,255		0,240		63,240
[868]	13	0	0	63,240		63,255		0,255
[869]	10	0	0	127,192		127,255		64,255
[870]	10	0	0	64,255		64,192		127,192
[871]	13	0	0	0,192		47,239		0,239
[872]	13	0	0	47,239		0,192		47,192
[873]	8	1	1	63,0		63,63		0,63
[874]	8	1	1	0,63		0,0		63,0
[875]	8	1	1	63,0		63,63		0,63
[876]	8	1	1	0,63		0,0		63,0
[877]	13	0	0	63,240		63,255		0,255
[878]	13	0	0	0,255		0,240		63,240
[879]	13	0	0	0,192		47,239		0,239
[880]	13	0	0	47,239		0,192		47,192
[881]	8	0	0	255,128		255,191		192,191
[882]	8	0	0	192,191		192,128		255,128
[883]	13	0	0	255,0		255,31		208,31
[884]	13	0	0	208,31		208,0		255,0
[885]	8	1	1	63,0		63,63		0,63
[886]	8	1	1	0,63		0,0		63,0
[887]	8	1	1	63,0		63,63		0,63
[888]	8	1	1	0,63		0,0		63,0
[889]	8	0	0	223,191		223,159		255,191
[890]	8	0	0	223,159		255,159		255,191
[891]	10	0	0	127,192		127,255		64,255
[892]	10	0	0	64,255		64,192		127,192
[893]	13	0	0	0,192		47,239		0,239
[894]	13	0	0	47,239		0,192		47,192
[895]	13	0	0	47,239		0,192		47,192
[896]	13	0	0	0,192		47,239		0,239
[897]	10	0	0	64,255		64,192		127,192
[898]	10	0	0	127,192		127,255		64,255
[899]	13	0	0	63,240		63,255		0,255
[900]	13	0	0	0,255		0,240		63,240
[901]	13	0	0	0,192		47,239		0,239
[902]	13	0	0	47,239		0,192		47,192
[903]	8	0	0	255,128		255,191		192,191
[904]	8	0	0	192,191		192,128		255,128
[905]	13	0	0	255,0		255,31		208,31
[906]	13	0	0	208,31		208,0		255,0
[907]	10	0	1	127,32		64,63		127,63
[908]	10	0	1	64,63		127,32		64,32
[909]	10	0	1	127,63		127,32		64,32
[910]	10	0	1	64,32		64,63		127,63
[911]	10	0	1	127,63		64,32		127,32
[912]	10	0	1	127,32		64,63		64,32
[913]	9	0	1	127,224		64,255		127,255
[914]	9	0	1	64,255		127,224		64,224
[915]	10	0	0	128,96		191,159		128,159
[916]	10	0	0	191,96		191,159		128,96
[917]	10	0	1	64,224		127,255		64,255
[918]	10	0	1	127,224		127,255		64,224
[919]	8	0	0	192,159		223,159		223,191
[920]	8	0	0	192,159		223,191		192,191
[921]	9	0	0	255,0		255,63		192,63
[922]	9	0	0	192,63		192,0		255,0
[923]	13	0	0	0,255		0,240		63,240
[924]	13	0	0	0,255		0,240		63,240
[925]	10	0	0	127,192		127,255		64,255
[926]	10	0	0	64,255		64,192		127,192
[927]	13	0	0	0,192		47,239		0,239
[928]	13	0	0	47,239		0,192		47,192
[929]	13	0	0	47,239		0,192		47,192
[930]	13	0	0	0,192		47,239		0,239
[931]	10	0	0	64,255		64,192		127,192
[932]	10	0	0	127,192		127,255		64,255
[933]	13	0	0	0,192		47,239		0,239
[934]	13	0	0	47,239		0,192		47,192
[935]	8	0	0	255,128		255,191		192,191
[936]	8	0	0	192,191		192,128		255,128
[937]	13	0	0	255,0		255,31		208,31
[938]	13	0	0	208,31		208,0		255,0
[939]	10	0	1	127,32		127,63		64,63
[940]	10	0	1	64,63		64,32		127,32
[941]	10	0	0	255,160		255,223		192,223
[942]	10	0	0	192,223		192,160		255,160
[943]	11	0	0	63,64		63,127		0,127
[944]	11	0	0	0,127		0,64		63,64
[945]	8	0	0	255,255		192,192		192,255
[946]	8	0	0	192,192		255,255		255,192
[947]	9	0	0	63,63		0,0		0,63
[948]	9	0	0	0,0		63,63		63,0
[949]	8	0	0	255,255		192,255		192,192
[950]	8	0	0	192,192		255,192		255,255
[951]	9	0	0	63,63		0,63		0,0
[952]	9	0	0	0,0		63,0		63,63
[953]	10	0	1	64,32		127,32		127,63
[954]	10	0	1	64,63		64,32		127,32
[955]	10	0	0	255,160		255,223		192,223
[956]	10	0	0	192,223		192,160		255,160
[957]	11	0	0	63,64		63,127		0,127
[958]	11	0	0	0,127		0,64		63,64
[959]	10	0	1	127,0		64,31		127,31
[960]	10	0	1	64,31		127,0		64,0
[961]	10	0	1	127,64		64,95		127,95
[962]	10	0	1	64,95		127,64		64,64
[963]	10	0	1	64,31		127,0		64,0
[964]	10	0	1	127,64		64,95		127,95
[965]	10	0	1	64,95		127,64		64,64
[966]	10	0	0	255,96		192,159		255,159
[967]	10	0	0	192,159		255,96		192,96
[968]	11	0	0	63,0		0,63		63,63
[969]	11	0	0	0,63		63,0		0,0
[970]	11	0	0	63,64		63,127		0,127
[971]	11	0	0	0,127		0,64		63,64
[972]	10	0	0	255,160		192,223		255,223
[973]	10	0	0	192,223		255,160		192,160
[974]	11	0	0	63,64		0,127		63,127
[975]	11	0	0	0,127		63,64		0,64
[976]	11	0	0	63,0		63,63		0,63
[977]	11	0	0	0,63		0,0		63,0
[978]	11	0	0	63,64		63,127		0,127
[979]	11	0	0	0,127		0,64		63,64
[980]	11	0	0	63,0		63,63		0,63
[981]	11	0	0	0,63		0,0		63,0
[982]	10	0	0	255,96		192,159		255,159
[983]	10	0	0	192,159		255,96		192,96
[984]	11	0	0	63,0		0,63		63,63
[985]	11	0	0	0,63		63,0		0,0
[986]	10	0	0	191,96		191,159		128,96
[987]	10	0	0	128,96		191,159		128,159
[988]	10	0	0	191,96		191,159		128,96
[989]	10	0	1	127,0		64,31		127,31
[990]	9	0	1	127,224		64,255		127,255
[991]	9	0	1	64,255		127,224		64,224
[992]	10	0	1	127,32		64,63		127,63
[993]	10	0	0	128,96		191,159		128,159
[994]	10	0	0	191,96		191,159		128,96
[995]	10	0	1	127,32		64,63		127,63
[996]	10	0	1	64,63		127,32		64,32
[997]	10	0	1	127,64		64,95		127,95
[998]	10	0	1	64,95		127,64		64,64
[999]	10	0	1	64,63		127,32		64,32
[1000]	10	0	0	255,160		192,223		255,223
[1001]	10	0	0	192,223		255,160		192,160
[1002]	11	0	0	63,64		0,127		63,127
[1003]	11	0	0	0,127		63,64		0,64
[1004]	10	0	1	127,0		64,31		127,31
[1005]	10	0	1	64,31		127,0		64,0
[1006]	10	0	0	128,96		191,159		128,159
[1007]	10	0	0	128,96		191,159		128,159
[1008]	10	0	0	191,96		191,159		128,96
[1009]	11	0	1	0,128		63,128		0,159
[1010]	11	0	1	0,128		63,128		63,159
[1011]	11	0	1	0,128		63,159		0,159
[1012]	11	0	1	63,128		63,159		0,128
[1013]	8	0	0	223,191		223,159		255,191
[1014]	8	0	0	223,159		255,159		255,191
[1015]	13	0	0	63,240		63,255		0,255
[1016]	13	0	0	0,255		0,240		63,240
[1017]	10	0	0	127,192		127,255		64,255
[1018]	10	0	0	64,255		64,192		127,192
[1019]	9	0	0	255,0		255,63		192,63
[1020]	9	0	0	192,63		192,0		255,0
[1021]	13	0	0	47,239		0,192		47,192
[1022]	13	0	0	0,192		47,239		0,239
[1023]	10	0	0	64,255		64,192		127,192
[1024]	10	0	0	127,192		127,255		64,255
[1025]	13	0	0	47,239		0,192		47,192
[1026]	13	0	0	0,192		47,239		0,239
[1027]	13	0	0	255,0		255,31		208,31
[1028]	13	0	0	208,31		208,0		255,0
[1029]	13	0	0	0,192		47,239		0,239
[1030]	13	0	0	47,239		0,192		47,192
[1031]	10	0	1	64,255		127,224		127,255
[1032]	10	0	1	64,224		127,224		64,255
[1033]	10	0	0	128,96		191,159		128,159
[1034]	10	0	0	191,96		191,159		128,96
[1035]	9	0	1	127,224		64,255		127,255
[1036]	9	0	1	64,255		127,224		64,224
[1037]	10	0	0	128,96		191,159		128,159
[1038]	10	0	0	191,96		191,159		128,96
[1039]	10	0	0	128,96		191,159		128,159
[1040]	10	0	0	191,96		191,159		128,96
[1041]	10	0	0	255,96		192,159		255,159
[1042]	10	0	0	192,159		255,96		192,96
[1043]	11	0	0	63,0		0,63		63,63
[1044]	11	0	0	0,63		63,0		0,0
[1045]	10	0	1	127,0		64,31		127,31
[1046]	10	0	1	64,31		127,0		64,0
[1047]	10	0	1	127,32		64,63		127,63
[1048]	10	0	1	64,63		127,32		64,32
[1049]	10	0	1	127,64		64,95		127,95
[1050]	10	0	1	64,95		127,64		64,64
[1051]	10	0	0	255,160		192,223		255,223
[1052]	10	0	0	192,223		255,160		192,160
[1053]	11	0	0	63,64		0,127		63,127
[1054]	11	0	0	0,127		63,64		0,64
[1055]	9	0	1	127,224		64,255		127,255
[1056]	9	0	1	64,255		127,224		64,224
[1057]	10	0	1	127,0		64,31		127,31
[1058]	10	0	1	64,31		127,0		64,0
[1059]	10	0	1	127,64		64,95		127,95
[1060]	10	0	1	64,95		127,64		64,64
[1061]	10	0	0	128,96		191,159		128,159
[1062]	10	0	0	191,96		191,159		128,96
[1063]	10	0	0	255,160		192,223		255,223
[1064]	10	0	0	192,223		255,160		192,160
[1065]	11	0	0	63,64		0,127		63,127
[1066]	11	0	0	0,127		63,64		0,64
[1067]	11	0	1	63,159		0,128		63,128
[1068]	11	0	1	0,159		0,128		63,159
[1069]	11	0	1	0,128		63,159		0,159
[1070]	11	0	1	63,159		0,159		63,128
[1071]	13	0	0	63,240		0,255		0,240
[1072]	13	0	0	0,255		63,240		63,255
[1073]	13	0	0	63,240		63,255		0,255
[1074]	13	0	0	0,255		0,240		63,240
[1075]	10	0	0	127,192		127,255		64,255
[1076]	10	0	0	64,255		64,192		127,192
[1077]	9	0	0	255,0		255,63		192,63
[1078]	9	0	0	192,63		192,0		255,0
[1079]	13	0	0	0,192		47,239		0,239
[1080]	13	0	0	47,239		0,192		47,192
[1081]	8	1	1	63,0		63,63		0,63
[1082]	8	1	1	0,63		0,0		63,0
[1083]	8	1	1	63,0		63,63		0,63
[1084]	8	1	1	0,63		0,0		63,0
[1085]	13	0	0	63,240		63,255		0,255
[1086]	13	0	0	0,255		0,240		63,240
[1087]	13	0	0	255,0		255,31		208,31
[1088]	13	0	0	208,31		208,0		255,0
[1089]	13	0	0	0,192		47,239		0,239
[1090]	13	0	0	47,239		0,192		47,192
[1091]	9	0	0	191,160		128,223		128,160
[1092]	9	0	0	191,223		128,223		191,160
[1093]	8	1	1	63,0		63,63		0,63
[1094]	8	1	1	0,63		0,0		63,0
[1095]	8	1	1	63,0		63,63		0,63
[1096]	8	1	1	0,63		0,0		63,0
[1097]	8	0	0	223,159		192,159		192,128
[1098]	8	0	0	223,128		223,159		192,128
[1099]	8	0	0	255,128		255,191		192,191
[1100]	8	0	0	192,191		192,128		255,128
[1101]	8	0	0	255,159		223,159		223,128
[1102]	8	0	0	255,159		223,159		223,128
[1103]	8	0	0	223,159		192,159		192,128
[1104]	8	0	0	223,128		223,159		192,128
[1105]	8	0	0	223,159		192,159		192,128
[1106]	8	0	0	255,159		223,128		255,128
[1107]	8	0	0	223,128		223,159		192,128
[1108]	8	0	0	255,159		223,128		255,128
[1109]	8	0	0	255,128		255,191		192,191
[1110]	8	0	0	192,191		192,128		255,128
[1111]	8	0	0	255,128		255,191		192,191
[1112]	8	0	0	192,191		192,128		255,128
[1113]	8	0	0	255,159		223,159		223,128
[1114]	8	0	0	255,159		223,128		255,128
[1115]	8	0	0	255,128		255,191		192,191
[1116]	8	0	0	192,191		192,128		255,128
[1117]	9	0	0	255,0		255,63		192,63
[1118]	9	0	0	192,63		192,0		255,0
[1119]	13	0	0	0,192		47,239		0,239
[1120]	13	0	0	47,239		0,192		47,192
[1121]	13	0	0	47,239		0,192		47,192
[1122]	13	0	0	0,192		47,239		0,239
[1123]	13	0	0	47,239		0,192		47,192
[1124]	13	0	0	0,192		47,239		0,239
[1125]	13	0	0	63,240		63,255		0,255
[1126]	13	0	0	0,255		0,240		63,240
[1127]	13	0	0	255,0		255,31		208,31
[1128]	13	0	0	208,31		208,0		255,0
[1129]	10	0	0	64,255		64,192		127,192
[1130]	10	0	0	127,192		127,255		64,255
[1131]	10	0	0	127,192		127,255		64,255
[1132]	10	0	0	64,255		64,192		127,192
[1133]	10	0	0	128,96		191,159		128,159
[1134]	10	0	0	191,96		191,159		128,96
[1135]	10	0	0	128,96		191,159		128,159
[1136]	10	0	0	191,96		191,159		128,96
[1137]	11	0	1	0,159		63,128		63,159
[1138]	11	0	1	0,128		63,128		0,159
[1139]	10	0	0	128,96		191,159		128,159
[1140]	10	0	0	191,96		191,159		128,96
[1141]	11	0	0	63,64		63,127		0,127
[1142]	11	0	0	0,127		0,64		63,64
[1143]	9	0	1	127,224		64,255		127,255
[1144]	9	0	1	64,255		127,224		64,224
[1145]	10	0	1	127,32		64,63		127,63
[1146]	10	0	1	64,63		127,32		64,32
[1147]	10	0	0	255,160		192,223		255,223
[1148]	10	0	0	192,223		255,160		192,160
[1149]	11	0	0	63,64		0,127		63,127
[1150]	11	0	0	0,127		63,64		0,64
[1151]	13	0	0	63,240		0,255		0,240
[1152]	13	0	0	63,240		0,255		0,240
[1153]	9	0	0	255,160		255,223		192,223
[1154]	9	0	0	192,223		192,160		255,160
[1155]	13	0	0	255,0		255,31		208,31
[1156]	13	0	0	208,31		208,0		255,0
[1157]	10	0	0	64,255		64,192		127,192
[1158]	10	0	0	127,192		127,255		64,255
[1159]	10	0	0	127,192		127,255		64,255
[1160]	10	0	0	64,255		64,192		127,192
[1161]	13	0	0	0,192		47,239		0,239
[1162]	13	0	0	47,239		0,192		47,192
[1163]	13	0	0	47,239		0,192		47,192
[1164]	13	0	0	0,192		47,239		0,239
[1165]	13	0	0	0,192		47,239		0,239
[1166]	13	0	0	47,239		0,192		47,192
[1167]	9	0	0	255,96		255,159		192,159
[1168]	9	0	0	192,159		192,96		255,96
[1169]	9	0	0	255,96		255,159		192,159
[1170]	9	0	0	192,159		192,96		255,96
[1171]	9	0	1	64,64		127,95		64,95
[1172]	9	0	1	127,64		127,95		64,64
[1173]	11	0	1	63,128		0,159		0,128
[1174]	11	0	1	63,159		0,159		63,128
[1175]	9	0	0	191,96		191,159		128,96
[1176]	9	0	0	128,159		128,96		191,96
[1177]	9	0	0	255,160		255,223		192,223
[1178]	9	0	0	192,223		192,160		255,160
[1179]	9	0	0	255,160		255,223		192,223
[1180]	9	0	0	192,223		192,160		255,160
[1181]	13	0	0	192,96		255,127		192,127
[1182]	13	0	0	255,96		255,127		192,96
[1183]	11	0	1	63,128		0,159		0,128
[1184]	11	0	1	63,159		0,159		63,128
[1185]	11	0	1	63,159		0,159		0,128
[1186]	11	0	1	0,159		63,128		63,159
[1187]	8	0	0	192,159		223,159		223,191
[1188]	8	0	0	192,159		223,191		192,191
[1189]	8	0	0	223,159		192,159		192,128
[1190]	8	0	0	223,128		223,159		192,128
[1191]	9	0	0	255,0		255,63		192,63
[1192]	9	0	0	192,63		192,0		255,0
[1193]	13	0	0	0,255		0,240		63,240
[1194]	13	0	0	0,255		0,240		63,240
[1195]	10	0	0	127,192		127,255		64,255
[1196]	10	0	0	64,255		64,192		127,192
[1197]	13	0	0	0,192		47,239		0,239
[1198]	13	0	0	47,239		0,192		47,192
[1199]	13	0	0	47,239		0,192		47,192
[1200]	13	0	0	0,192		47,239		0,239
[1201]	10	0	0	64,255		64,192		127,192
[1202]	10	0	0	127,192		127,255		64,255
[1203]	13	0	0	0,192		47,239		0,239
[1204]	13	0	0	47,239		0,192		47,192
[1205]	8	0	0	255,128		255,191		192,191
[1206]	8	0	0	192,191		192,128		255,128
[1207]	13	0	0	255,0		255,31		208,31
[1208]	13	0	0	208,31		208,0		255,0
[1209]	9	0	0	191,223		128,160		191,160
[1210]	9	0	0	128,223		128,160		191,223
[1211]	11	0	1	63,159		0,128		63,128
[1212]	10	0	1	64,255		64,224		127,255
[1213]	8	0	0	192,159		223,159		223,191
[1214]	8	0	0	255,159		223,159		223,128
[1215]	8	0	0	192,159		223,191		192,191
[1216]	8	0	0	223,159		192,159		192,128
[1217]	8	0	0	223,128		223,159		192,128
[1218]	8	0	0	223,191		223,159		255,191
[1219]	8	0	0	255,159		223,128		255,128
[1220]	8	0	0	223,159		255,159		255,191
[1221]	10	0	0	127,192		127,255		64,255
[1222]	10	0	0	64,255		64,192		127,192
[1223]	13	0	0	0,192		47,239		0,239
[1224]	13	0	0	47,239		0,192		47,192
[1225]	13	0	0	47,239		0,192		47,192
[1226]	13	0	0	0,192		47,239		0,239
[1227]	10	0	0	64,255		64,192		127,192
[1228]	10	0	0	127,192		127,255		64,255
[1229]	13	0	0	63,240		63,255		0,255
[1230]	13	0	0	0,255		0,240		63,240
[1231]	13	0	0	63,240		63,255		0,255
[1232]	13	0	0	0,255		0,240		63,240
[1233]	13	0	0	0,192		47,239		0,239
[1234]	13	0	0	47,239		0,192		47,192
[1235]	8	0	0	255,128		255,191		192,191
[1236]	8	0	0	192,191		192,128		255,128
[1237]	13	0	0	255,0		255,31		208,31
[1238]	13	0	0	208,31		208,0		255,0
[1239]	13	0	0	63,240		63,255		0,255
[1240]	13	0	0	0,255		0,240		63,240
[1241]	13	0	0	63,240		63,255		0,255
[1242]	13	0	0	0,255		0,240		63,240
[1243]	13	0	0	63,240		63,255		0,255
[1244]	13	0	0	0,255		0,240		63,240
[1245]	8	0	0	255,159		223,159		223,128
[1246]	8	0	0	223,191		223,159		255,191
[1247]	8	0	0	255,159		223,128		255,128
[1248]	8	0	0	223,159		255,159		255,191
[1249]	9	0	0	255,0		255,63		192,63
[1250]	9	0	0	192,63		192,0		255,0
[1251]	13	0	0	0,255		0,240		63,240
[1252]	13	0	0	63,240		63,255		0,255
[1253]	13	0	0	63,240		63,255		0,255
[1254]	13	0	0	0,255		0,240		63,240
[1255]	13	0	0	159,248		159,255		152,255
[1256]	13	0	0	152,255		152,248		159,248
[1257]	13	0	0	0,192		47,239		0,239
[1258]	13	0	0	47,239		0,192		47,192
[1259]	13	0	0	63,240		63,255		0,255
[1260]	13	0	0	0,255		0,240		63,240
[1261]	8	0	0	255,128		255,191		192,191
[1262]	8	0	0	192,191		192,128		255,128
[1263]	8	0	0	192,159		223,159		223,191
[1264]	8	0	0	192,159		223,191		192,191
[1265]	8	0	0	223,159		192,159		192,128
[1266]	8	0	0	223,128		223,159		192,128
[1267]	9	0	0	192,63		192,0		255,0
[1268]	13	0	0	63,240		63,255		0,255
[1269]	13	0	0	0,255		0,240		63,240
[1270]	13	0	0	63,240		63,255		0,255
[1271]	13	0	0	0,255		0,240		63,240
[1272]	13	0	0	63,240		63,255		0,255
[1273]	13	0	0	0,255		0,240		63,240
[1274]	13	0	0	63,240		63,255		0,255
[1275]	13	0	0	0,255		0,240		63,240
[1276]	9	0	0	191,223		128,160		191,160
[1277]	9	0	0	128,223		128,160		191,223
[1278]	9	0	0	191,159		128,96		191,96
[1279]	9	0	0	128,159		128,96		191,159
[1280]	9	0	0	128,159		191,96		191,159
[1281]	9	0	0	128,96		191,96		128,159
[1282]	10	0	1	127,255		64,255		127,224
[1283]	10	0	1	127,255		64,255		64,224
[1284]	11	0	1	63,159		0,128		63,128
[1285]	11	0	1	0,159		0,128		63,159
[1286]	9	0	0	128,223		191,160		191,223
[1287]	9	0	0	128,160		191,160		128,223
[1288]	9	0	0	255,96		255,159		192,159
[1289]	9	0	0	192,159		192,96		255,96
[1290]	9	0	0	255,96		255,159		192,159
[1291]	9	0	0	192,159		192,96		255,96
[1292]	9	0	1	64,64		127,95		64,95
[1293]	9	0	1	127,64		127,95		64,64
[1294]	11	0	1	0,159		0,128		63,159
[1295]	11	0	1	63,128		63,159		0,159
[1296]	11	0	1	63,128		0,159		0,128
[1297]	11	0	1	63,159		0,159		63,128
[1298]	10	0	1	64,224		127,255		64,255
[1299]	10	0	1	127,224		127,255		64,224
[1300]	11	0	1	0,128		63,159		0,159
[1301]	11	0	1	63,128		63,159		0,128
[1302]	10	0	1	127,224		127,255		64,255
[1303]	10	0	1	64,224		127,255		64,255
[1304]	9	0	0	128,159		191,96		191,159
[1305]	9	0	0	128,96		191,96		128,159
[1306]	10	0	0	255,96		255,159		192,159
[1307]	10	0	0	192,159		192,96		255,96
[1308]	11	0	0	63,0		63,63		0,63
[1309]	11	0	0	0,63		0,0		63,0
[1310]	10	0	1	127,64		127,95		64,95
[1311]	10	0	1	64,95		64,64		127,64
[1312]	10	0	1	127,32		127,63		64,63
[1313]	10	0	1	64,63		64,32		127,32
[1314]	10	0	0	255,160		255,223		192,223
[1315]	10	0	0	192,223		192,160		255,160
[1316]	11	0	0	63,64		63,127		0,127
[1317]	11	0	0	0,127		0,64		63,64
[1318]	9	0	0	255,96		255,159		192,159
[1319]	9	0	0	192,159		192,96		255,96
[1320]	9	0	0	255,96		255,159		192,159
[1321]	9	0	0	192,159		192,96		255,96
[1322]	9	0	1	64,64		127,95		64,95
[1323]	9	0	1	127,64		127,95		64,64
[1324]	13	0	0	192,96		255,127		192,127
[1325]	13	0	0	255,96		255,127		192,96
[1326]	10	0	1	127,32		127,63		64,63
[1327]	10	0	1	127,0		127,31		64,31
[1328]	10	0	1	64,31		64,0		127,0
[1329]	9	0	1	127,224		127,255		64,255
[1330]	9	0	1	64,255		64,224		127,224
[1331]	10	0	1	127,64		127,95		64,95
[1332]	10	0	1	64,63		64,32		127,32
[1333]	10	0	0	128,96		191,159		128,159
[1334]	10	0	0	191,96		191,159		128,96
[1335]	10	0	0	255,96		255,159		192,159
[1336]	10	0	0	192,159		192,96		255,96
[1337]	11	0	0	63,0		63,63		0,63
[1338]	11	0	0	0,63		0,0		63,0
[1339]	10	0	1	64,95		64,64		127,64
[1340]	10	0	0	255,160		255,223		192,223
[1341]	11	0	0	63,64		63,127		0,127
[1342]	9	0	0	255,160		255,223		192,223
[1343]	9	0	0	192,223		192,160		255,160
[1344]	9	0	0	255,160		255,223		192,223
[1345]	9	0	0	192,223		192,160		255,160
[1346]	13	0	0	192,96		255,127		192,127
[1347]	13	0	0	255,96		255,127		192,96
[1348]	9	0	1	127,224		127,255		64,255
[1349]	10	0	0	128,96		191,159		128,159
[1350]	10	0	0	191,96		191,159		128,96
[1351]	11	0	1	63,159		0,128		63,128
[1352]	11	0	1	0,159		0,128		63,159
[1353]	9	0	0	255,96		255,159		192,159
[1354]	9	0	0	192,159		192,96		255,96
[1355]	9	0	0	255,96		255,159		192,159
[1356]	9	0	0	192,159		192,96		255,96
[1357]	9	0	1	64,64		127,95		64,95
[1358]	9	0	1	127,64		127,95		64,64
[1359]	13	0	0	255,96		192,127		192,96
[1360]	13	0	0	192,127		255,96		255,127
[1361]	9	0	1	127,64		64,95		64,64
[1362]	9	0	1	64,95		127,64		127,95
[1363]	10	0	0	191,96		191,159		128,96
[1364]	10	0	1	127,255		64,224		127,224
[1365]	10	0	1	64,255		64,224		127,255
[1366]	9	0	0	255,96		255,159		192,159
[1367]	9	0	0	192,159		192,96		255,96
[1368]	9	0	0	255,96		255,159		192,159
[1369]	9	0	0	192,159		192,96		255,96
[1370]	9	0	0	192,159		255,96		255,159
[1371]	9	0	0	255,96		192,159		192,96
[1372]	9	0	0	255,96		192,159		192,96
[1373]	9	0	0	192,159		255,96		255,159
[1374]	9	0	0	192,223		255,160		255,223
[1375]	9	0	0	255,160		192,223		192,160
[1376]	9	0	0	255,160		192,223		192,160
[1377]	13	0	0	255,96		192,127		192,96
[1378]	13	0	0	192,127		255,96		255,127
[1379]	10	0	0	191,96		191,159		128,96
[1380]	11	0	1	63,159		0,128		63,128
[1381]	11	0	1	0,159		0,128		63,159
[1382]	9	0	1	127,64		64,95		64,64
[1383]	9	0	1	127,95		64,95		127,64
[1384]	9	0	0	192,223		255,160		255,223
[1385]	13	0	0	192,127		255,96		255,127
[1386]	13	0	0	255,96		192,127		192,96
[1387]	9	0	0	255,159		192,159		192,96
[1388]	9	0	0	192,96		255,96		255,159
[1389]	9	0	0	192,96		255,96		255,159
[1390]	9	0	0	255,159		192,159		192,96
[1391]	9	0	1	64,64		127,64		127,95
[1392]	9	0	1	127,95		64,95		64,64
[1393]	9	0	1	127,95		64,95		64,64
[1394]	9	0	1	64,64		127,64		127,95
[1395]	9	0	0	255,223		192,223		192,160
[1396]	13	0	0	255,127		192,127		192,96
[1397]	13	0	0	192,96		255,96		255,127
[1398]	13	0	0	192,222		192,192		226,206
[1399]	13	0	0	192,222		226,206		205,222
[1400]	13	0	0	192,222		226,206		192,192
[1401]	13	0	0	192,222		205,222		226,206
[1402]	13	0	0	192,192		254,192		254,203
[1403]	13	0	0	192,192		254,203		226,206
[1404]	13	0	0	192,192		254,203		254,192
[1405]	13	0	0	192,192		226,206		254,203
[1406]	14	0	0	95,80		95,111		64,111
[1407]	13	0	0	151,240		151,255		144,255
[1408]	13	0	0	144,240		151,240		144,255
[1409]	14	0	0	95,80		95,111		64,111
[1410]	13	0	0	151,240		151,255		144,255
[1411]	13	0	0	144,240		151,240		144,255
[1412]	14	0	0	95,80		95,111		64,111
[1413]	13	0	0	151,240		151,255		144,255
[1414]	13	0	0	144,240		151,240		144,255
[1415]	14	0	0	64,111		64,80		95,80
[1416]	13	0	0	144,255		144,240		151,240
[1417]	13	0	0	151,255		144,255		151,240
[1418]	14	0	0	64,80		95,80		64,111
[1419]	14	0	0	64,80		95,80		64,111
[1420]	14	0	0	64,80		95,80		64,111
[1421]	14	0	0	95,111		64,111		95,80
[1422]	9	0	1	127,95		64,95		64,64
[1423]	9	0	1	64,64		127,64		127,95
[1424]	9	0	1	64,95		127,64		127,95
[1425]	9	0	1	127,64		64,95		64,64
[1426]	9	0	0	255,160		255,223		192,223
[1427]	9	0	0	192,223		192,160		255,160
[1428]	9	0	0	255,96		255,159		192,159
[1429]	9	0	0	192,159		192,96		255,96
[1430]	10	0	0	191,96		191,159		128,96
[1431]	10	0	1	127,255		64,224		127,224
[1432]	10	0	1	64,255		64,224		127,255
[1433]	9	0	0	128,223		191,160		191,223
[1434]	9	0	0	128,160		191,160		128,223
[1435]	8	0	0	255,159		223,159		223,128
[1436]	8	0	0	223,191		223,159		255,191
[1437]	8	0	0	255,159		223,128		255,128
[1438]	8	0	0	223,159		255,159		255,191
[1439]	9	0	0	255,0		255,63		192,63
[1440]	13	0	0	63,240		63,255		0,255
[1441]	13	0	0	63,240		63,255		0,255
[1442]	10	0	0	127,192		127,255		64,255
[1443]	10	0	0	64,255		64,192		127,192
[1444]	13	0	0	0,192		47,239		0,239
[1445]	13	0	0	47,239		0,192		47,192
[1446]	13	0	0	0,192		47,239		0,239
[1447]	13	0	0	47,239		0,192		47,192
[1448]	10	0	0	64,255		64,192		127,192
[1449]	10	0	0	127,192		127,255		64,255
[1450]	13	0	0	0,192		47,239		0,239
[1451]	13	0	0	0,192		47,239		0,239
[1452]	8	0	0	255,128		255,191		192,191
[1453]	8	0	0	192,191		192,128		255,128
[1454]	13	0	0	255,0		255,31		208,31
[1455]	13	0	0	208,31		208,0		255,0
[1456]	9	0	0	128,160		191,223		128,223
[1457]	9	0	0	128,160		191,160		128,223
[1458]	11	0	1	0,159		63,128		63,159
[1459]	11	0	1	0,159		0,128		63,159
[1460]	11	0	1	0,159		0,128		63,159
[1461]	11	0	1	63,128		63,159		0,159
[1462]	9	0	0	255,96		255,159		192,159
[1463]	9	0	0	192,159		192,96		255,96
[1464]	9	0	0	255,96		255,159		192,159
[1465]	9	0	0	192,159		192,96		255,96
[1466]	9	0	0	255,159		192,159		192,96
[1467]	9	0	0	192,96		255,96		255,159
[1468]	9	0	0	192,96		255,96		255,159
[1469]	9	0	0	255,159		192,159		192,96
[1470]	9	0	0	255,223		192,223		192,160
[1471]	9	0	0	192,160		255,160		255,223
[1472]	9	0	0	192,160		255,160		255,223
[1473]	13	0	0	192,96		255,96		255,127
[1474]	13	0	0	255,127		192,127		192,96
[1475]	10	0	0	191,96		191,159		128,96
[1476]	11	0	1	63,159		0,128		63,128
[1477]	11	0	1	0,159		0,128		63,159
[1478]	13	0	0	255,0		255,31		208,31
[1479]	13	0	0	208,31		208,0		255,0
[1480]	10	0	0	64,255		64,192		127,192
[1481]	10	0	0	127,192		127,255		64,255
[1482]	10	0	0	127,192		127,255		64,255
[1483]	10	0	0	64,255		64,192		127,192
[1484]	13	0	0	0,192		47,239		0,239
[1485]	13	0	0	47,239		0,192		47,192
[1486]	13	0	0	47,239		0,192		47,192
[1487]	13	0	0	0,192		47,239		0,239
[1488]	13	0	0	47,239		0,192		47,192
[1489]	13	0	0	0,192		47,239		0,239
[1490]	10	0	0	128,96		191,159		128,159
[1491]	10	0	0	191,96		191,159		128,96
[1492]	10	0	0	128,96		191,159		128,159
[1493]	10	0	0	191,96		191,159		128,96
[1494]	10	0	1	64,255		127,224		127,255
[1495]	10	0	1	64,224		127,224		64,255
[1496]	10	0	0	128,96		191,159		128,159
[1497]	10	0	0	191,96		191,159		128,96
[1498]	10	0	1	127,255		64,224		127,224
[1499]	10	0	1	64,224		127,224		64,255
[1500]	10	0	0	128,96		191,159		128,159
[1501]	10	0	0	191,96		191,159		128,96
[1502]	10	0	0	128,96		191,159		128,159
[1503]	10	0	0	191,96		191,159		128,96
[1504]	10	0	0	128,96		191,159		128,159
[1505]	10	0	0	191,96		191,159		128,96
[1506]	10	0	1	127,0		64,31		127,31
[1507]	10	0	1	64,31		127,0		64,0
[1508]	9	0	1	127,224		64,255		127,255
[1509]	9	0	1	64,255		127,224		64,224
[1510]	10	0	1	127,0		64,31		127,31
[1511]	10	0	1	64,31		127,0		64,0
[1512]	10	0	1	127,32		64,63		127,63
[1513]	10	0	1	127,64		64,95		127,95
[1514]	10	0	1	64,95		127,64		64,64
[1515]	11	0	0	63,64		63,127		0,127
[1516]	11	0	0	0,127		0,64		63,64
[1517]	11	0	0	63,0		63,63		0,63
[1518]	11	0	0	0,63		0,0		63,0
[1519]	10	0	0	255,160		192,223		255,223
[1520]	10	0	0	192,223		255,160		192,160
[1521]	11	0	0	63,64		0,127		63,127
[1522]	11	0	0	0,127		63,64		0,64
[1523]	10	0	1	64,224		127,255		64,255
[1524]	11	0	1	0,128		63,159		0,159
[1525]	11	0	1	63,128		63,159		0,128
[1526]	10	0	1	64,224		127,255		64,255
[1527]	10	0	1	127,224		127,255		64,224
[1528]	9	0	1	127,224		64,255		127,255
[1529]	9	0	1	64,255		127,224		64,224
[1530]	10	0	1	127,224		127,255		64,224
[1531]	11	0	0	63,0		63,63		0,63
[1532]	11	0	0	0,63		0,0		63,0
[1533]	10	0	1	127,32		64,63		127,63
[1534]	10	0	1	127,64		64,95		127,95
[1535]	10	0	1	64,95		127,64		64,64
[1536]	10	0	1	64,63		127,32		64,32
[1537]	10	0	0	255,96		192,159		255,159
[1538]	10	0	0	192,159		255,96		192,96
[1539]	11	0	0	63,0		0,63		63,63
[1540]	11	0	0	0,63		63,0		0,0
[1541]	11	0	0	63,64		0,127		63,127
[1542]	9	0	0	63,63		0,0		0,63
[1543]	9	0	0	0,0		63,63		63,0
[1544]	9	0	0	63,63		0,63		0,0
[1545]	9	0	0	0,0		63,0		63,63
[1546]	10	0	0	255,96		192,159		255,159
[1547]	10	0	0	192,159		255,96		192,96
[1548]	10	0	0	255,160		192,223		255,223
[1549]	10	0	0	192,223		255,160		192,160
[1550]	8	0	0	255,255		192,192		192,255
[1551]	8	0	0	192,192		255,255		255,192
[1552]	8	0	0	255,255		192,255		192,192
[1553]	8	0	0	192,192		255,192		255,255
[1554]	9	0	0	255,160		255,223		192,223
[1555]	9	0	0	192,223		192,160		255,160
[1556]	9	0	0	255,160		255,223		192,223
[1557]	9	0	0	192,223		192,160		255,160
[1558]	13	0	0	192,96		255,127		192,127
[1559]	13	0	0	255,96		255,127		192,96
[1560]	13	0	0	192,96		255,96		255,127
[1561]	13	0	0	255,127		192,127		192,96
[1562]	9	0	1	64,64		127,64		127,95
[1563]	9	0	1	127,95		64,95		64,64
[1564]	9	0	0	255,96		255,159		192,159
[1565]	9	0	0	192,159		192,96		255,96
[1566]	9	0	0	255,96		255,159		192,159
[1567]	9	0	0	192,159		192,96		255,96
[1568]	9	0	1	64,64		127,95		64,95
[1569]	9	0	1	127,64		127,95		64,64
[1570]	9	0	1	127,224		64,255		127,255
[1571]	10	0	1	127,32		64,63		127,63
[1572]	10	0	0	191,96		191,159		128,96
[1573]	10	0	1	127,255		64,224		127,224
[1574]	10	0	1	64,255		64,224		127,255
[1575]	11	0	1	63,159		0,128		63,128
[1576]	10	0	1	127,0		64,31		127,31
[1577]	10	0	1	64,31		127,0		64,0
[1578]	10	0	1	127,64		64,95		127,95
[1579]	10	0	1	64,95		127,64		64,64
[1580]	10	0	1	127,32		64,63		127,63
[1581]	10	0	1	64,63		127,32		64,32
[1582]	10	0	1	127,0		64,31		127,31
[1583]	10	0	1	64,31		127,0		64,0
[1584]	10	0	1	127,64		64,95		127,95
[1585]	10	0	1	64,95		127,64		64,64
[1586]	10	0	0	255,96		192,159		255,159
[1587]	10	0	0	192,159		255,96		192,96
[1588]	11	0	0	63,0		0,63		63,63
[1589]	11	0	0	0,63		63,0		0,0
[1590]	11	0	0	63,64		0,127		63,127
[1591]	11	0	0	0,127		63,64		0,64
[1592]	11	0	0	0,127		0,64		63,64
[1593]	10	0	1	64,63		127,32		64,32
[1594]	10	0	0	255,160		192,223		255,223
[1595]	10	0	0	192,223		255,160		192,160
[1596]	10	0	0	255,160		192,223		255,223
[1597]	10	0	0	192,223		255,160		192,160
[1598]	11	0	0	63,64		0,127		63,127
[1599]	11	0	0	0,127		63,64		0,64
[1600]	11	0	0	63,0		0,63		63,63
[1601]	11	0	0	0,63		63,0		0,0
